  0.104811E-04  0.198548E+08  0.198548E+08  0.264593E+08  0.264589E+08  0.198573E+08  0.198548E+08  0.527450E+00  0.198548E+08
  0.115731E-04  0.198548E+08  0.198548E+08  0.264563E+08  0.264558E+08  0.198573E+08  0.198548E+08  0.527450E+00  0.198548E+08
  0.127790E-04  0.198548E+08  0.198548E+08  0.264526E+08  0.264520E+08  0.198573E+08  0.198548E+08  0.527450E+00  0.198548E+08
  0.141105E-04  0.198548E+08  0.198548E+08  0.264481E+08  0.264474E+08  0.198572E+08  0.198548E+08  0.527450E+00  0.198548E+08
  0.155808E-04  0.198548E+08  0.198548E+08  0.264426E+08  0.264418E+08  0.198572E+08  0.198548E+08  0.527450E+00  0.198548E+08
  0.172042E-04  0.198548E+08  0.198548E+08  0.264359E+08  0.264349E+08  0.198572E+08  0.198548E+08  0.527450E+00  0.198548E+08
  0.189968E-04  0.198548E+08  0.198548E+08  0.264277E+08  0.264265E+08  0.198571E+08  0.198548E+08  0.527450E+00  0.198548E+08
  0.209762E-04  0.198548E+08  0.198548E+08  0.264178E+08  0.264163E+08  0.198571E+08  0.198548E+08  0.527450E+00  0.198548E+08
  0.231619E-04  0.198547E+08  0.198547E+08  0.264056E+08  0.264038E+08  0.198570E+08  0.198547E+08  0.527450E+00  0.198547E+08
  0.255752E-04  0.198547E+08  0.198547E+08  0.263909E+08  0.263887E+08  0.198570E+08  0.198547E+08  0.527450E+00  0.198547E+08
  0.282401E-04  0.198547E+08  0.198547E+08  0.263729E+08  0.263702E+08  0.198569E+08  0.198547E+08  0.527449E+00  0.198547E+08
  0.311826E-04  0.198546E+08  0.198546E+08  0.263509E+08  0.263476E+08  0.198568E+08  0.198546E+08  0.527449E+00  0.198546E+08
  0.344316E-04  0.198546E+08  0.198546E+08  0.263242E+08  0.263202E+08  0.198566E+08  0.198546E+08  0.527449E+00  0.198546E+08
  0.380193E-04  0.198545E+08  0.198545E+08  0.262916E+08  0.262868E+08  0.198565E+08  0.198545E+08  0.527449E+00  0.198545E+08
  0.419807E-04  0.198545E+08  0.198544E+08  0.262520E+08  0.262461E+08  0.198563E+08  0.198545E+08  0.527448E+00  0.198545E+08
  0.463549E-04  0.198544E+08  0.198544E+08  0.262037E+08  0.261965E+08  0.198560E+08  0.198544E+08  0.527448E+00  0.198544E+08
  0.511849E-04  0.198543E+08  0.198542E+08  0.261450E+08  0.261362E+08  0.198557E+08  0.198543E+08  0.527447E+00  0.198543E+08
  0.565182E-04  0.198541E+08  0.198541E+08  0.260735E+08  0.260629E+08  0.198554E+08  0.198541E+08  0.527447E+00  0.198541E+08
  0.624071E-04  0.198540E+08  0.198539E+08  0.259867E+08  0.259737E+08  0.198549E+08  0.198540E+08  0.527446E+00  0.198540E+08
  0.689097E-04  0.198538E+08  0.198537E+08  0.258811E+08  0.258654E+08  0.198544E+08  0.198538E+08  0.527445E+00  0.198538E+08
  0.760898E-04  0.198535E+08  0.198535E+08  0.257530E+08  0.257338E+08  0.198537E+08  0.198535E+08  0.527444E+00  0.198535E+08
  0.840180E-04  0.198532E+08  0.198532E+08  0.255975E+08  0.255743E+08  0.198529E+08  0.198532E+08  0.527442E+00  0.198532E+08
  0.927723E-04  0.198529E+08  0.198528E+08  0.254091E+08  0.253810E+08  0.198520E+08  0.198529E+08  0.527440E+00  0.198529E+08
  0.102439E-03  0.198524E+08  0.198524E+08  0.251812E+08  0.251471E+08  0.198508E+08  0.198524E+08  0.527438E+00  0.198524E+08
  0.113112E-03  0.198519E+08  0.198518E+08  0.249058E+08  0.248646E+08  0.198494E+08  0.198519E+08  0.527436E+00  0.198519E+08
  0.124898E-03  0.198513E+08  0.198512E+08  0.245738E+08  0.245241E+08  0.198476E+08  0.198513E+08  0.527433E+00  0.198512E+08
  0.137912E-03  0.198505E+08  0.198504E+08  0.241745E+08  0.241146E+08  0.198455E+08  0.198505E+08  0.527429E+00  0.198504E+08
  0.152282E-03  0.198495E+08  0.198494E+08  0.236958E+08  0.236239E+08  0.198429E+08  0.198495E+08  0.527424E+00  0.198495E+08
  0.168149E-03  0.198484E+08  0.198482E+08  0.231239E+08  0.230380E+08  0.198397E+08  0.198484E+08  0.527419E+00  0.198483E+08
  0.185670E-03  0.198470E+08  0.198468E+08  0.224440E+08  0.223416E+08  0.198359E+08  0.198470E+08  0.527412E+00  0.198469E+08
  0.205016E-03  0.198452E+08  0.198450E+08  0.216401E+08  0.215187E+08  0.198312E+08  0.198452E+08  0.527404E+00  0.198451E+08
  0.226377E-03  0.198432E+08  0.198429E+08  0.206961E+08  0.205531E+08  0.198255E+08  0.198432E+08  0.527395E+00  0.198430E+08
  0.249965E-03  0.198406E+08  0.198403E+08  0.195969E+08  0.194298E+08  0.198186E+08  0.198406E+08  0.527384E+00  0.198405E+08
  0.276010E-03  0.198376E+08  0.198372E+08  0.183304E+08  0.181369E+08  0.198102E+08  0.198376E+08  0.527371E+00  0.198374E+08
  0.304769E-03  0.198339E+08  0.198334E+08  0.168898E+08  0.166684E+08  0.198000E+08  0.198339E+08  0.527356E+00  0.198337E+08
  0.336525E-03  0.198294E+08  0.198288E+08  0.152774E+08  0.150278E+08  0.197876E+08  0.198294E+08  0.527338E+00  0.198291E+08
  0.371589E-03  0.198240E+08  0.198233E+08  0.135086E+08  0.132320E+08  0.197726E+08  0.198240E+08  0.527318E+00  0.198237E+08
  0.410307E-03  0.198175E+08  0.198167E+08  0.116162E+08  0.113167E+08  0.197544E+08  0.198175E+08  0.527296E+00  0.198171E+08
  0.453059E-03  0.198097E+08  0.198088E+08  0.965508E+07  0.933966E+07  0.197325E+08  0.198097E+08  0.527271E+00  0.198093E+08
  0.500266E-03  0.198004E+08  0.197993E+08  0.770336E+07  0.738277E+07  0.197060E+08  0.198004E+08  0.527244E+00  0.197998E+08
  0.552392E-03  0.197893E+08  0.197880E+08  0.585997E+07  0.554850E+07  0.196741E+08  0.197893E+08  0.527216E+00  0.197886E+08
  0.609949E-03  0.197761E+08  0.197746E+08  0.423420E+07  0.394871E+07  0.196358E+08  0.197761E+08  0.527187E+00  0.197752E+08
  0.673503E-03  0.197604E+08  0.197587E+08  0.292576E+07  0.268326E+07  0.195898E+08  0.197604E+08  0.527159E+00  0.197594E+08
  0.743679E-03  0.197419E+08  0.197399E+08  0.199593E+07  0.180984E+07  0.195349E+08  0.197419E+08  0.527132E+00  0.197407E+08
  0.821167E-03  0.197202E+08  0.197179E+08  0.143758E+07  0.131313E+07  0.194694E+08  0.197202E+08  0.527107E+00  0.197188E+08
  0.906729E-03  0.196947E+08  0.196922E+08  0.116005E+07  0.109071E+07  0.193917E+08  0.196947E+08  0.527085E+00  0.196931E+08
  0.100121E-02  0.196651E+08  0.196623E+08  0.101048E+07  0.977925E+06  0.192997E+08  0.196651E+08  0.527065E+00  0.196631E+08
  0.110553E-02  0.196305E+08  0.196275E+08  0.841988E+06  0.821916E+06  0.191914E+08  0.196305E+08  0.527047E+00  0.196282E+08
  0.122072E-02  0.195905E+08  0.195873E+08  0.602047E+06  0.574610E+06  0.190644E+08  0.195905E+08  0.527030E+00  0.195878E+08
  0.134791E-02  0.195442E+08  0.195409E+08  0.365487E+06  0.324209E+06  0.189166E+08  0.195442E+08  0.527013E+00  0.195411E+08
  0.148836E-02  0.194909E+08  0.194875E+08  0.242571E+06  0.193824E+06  0.187465E+08  0.194909E+08  0.526995E+00  0.194872E+08
  0.164344E-02  0.194295E+08  0.194261E+08  0.223953E+06  0.000000E+00  0.185519E+08  0.194295E+08  0.526978E+00  0.194253E+08
  0.181468E-02  0.193593E+08  0.193558E+08  0.181131E+06  0.000000E+00  0.183314E+08  0.193593E+08  0.526959E+00  0.193544E+08
  0.200376E-02  0.192790E+08  0.192755E+08  0.846093E+05  0.000000E+00  0.180838E+08  0.192790E+08  0.526940E+00  0.192734E+08
  0.221254E-02  0.191875E+08  0.191840E+08  0.516822E+05  0.000000E+00  0.178086E+08  0.191875E+08  0.526920E+00  0.191811E+08
  0.244308E-02  0.190837E+08  0.190801E+08  0.615793E+05  0.000000E+00  0.175055E+08  0.190837E+08  0.526898E+00  0.190765E+08
  0.269764E-02  0.189663E+08  0.189626E+08  0.238517E+05  0.000000E+00  0.171747E+08  0.189663E+08  0.526876E+00  0.189582E+08
  0.297872E-02  0.188341E+08  0.188302E+08  0.217992E+05  0.000000E+00  0.168161E+08  0.188341E+08  0.526853E+00  0.188250E+08
  0.328909E-02  0.186858E+08  0.186817E+08  0.100368E+05  0.000000E+00  0.164292E+08  0.186858E+08  0.526829E+00  0.186756E+08
  0.363180E-02  0.185200E+08  0.185156E+08  0.374110E+04  0.000000E+00  0.160132E+08  0.185200E+08  0.526804E+00  0.185087E+08
  0.401022E-02  0.183354E+08  0.183308E+08 -0.490205E+04  0.000000E+00  0.155669E+08  0.183354E+08  0.526778E+00  0.183231E+08
  0.442807E-02  0.181308E+08  0.181259E+08  0.191895E+04  0.000000E+00  0.150892E+08  0.181308E+08  0.526750E+00  0.181172E+08
  0.488945E-02  0.179048E+08  0.178994E+08 -0.772083E+03  0.000000E+00  0.145811E+08  0.179048E+08  0.526722E+00  0.178900E+08
  0.539891E-02  0.176560E+08  0.176501E+08 -0.365337E+04  0.000000E+00  0.140422E+08  0.176560E+08  0.526692E+00  0.176398E+08
  0.596146E-02  0.173835E+08  0.173770E+08 -0.218987E+04  0.000000E+00  0.134463E+08  0.173835E+08  0.526658E+00  0.173659E+08
  0.658261E-02  0.170850E+08  0.170779E+08 -0.250386E+04  0.000000E+00  0.128315E+08  0.170850E+08  0.526624E+00  0.170660E+08
  0.726849E-02  0.167596E+08  0.167516E+08 -0.214898E+04  0.000000E+00  0.121849E+08  0.167596E+08  0.526588E+00  0.167391E+08
  0.802584E-02  0.164060E+08  0.163969E+08 -0.271311E+04  0.000000E+00  0.115159E+08  0.164060E+08  0.526550E+00  0.163840E+08
  0.886210E-02  0.160227E+08  0.160124E+08 -0.224714E+04  0.000000E+00  0.108316E+08  0.160227E+08  0.526512E+00  0.159992E+08
  0.978549E-02  0.156084E+08  0.155967E+08 -0.154766E+04  0.000000E+00  0.101303E+08  0.156084E+08  0.526473E+00  0.155835E+08
  0.108051E-01  0.151620E+08  0.151486E+08 -0.172406E+04  0.000000E+00  0.941354E+07  0.151620E+08  0.526432E+00  0.151357E+08
  0.119309E-01  0.146821E+08  0.146666E+08 -0.142234E+04  0.000000E+00  0.868856E+07  0.146821E+08  0.526391E+00  0.146544E+08
  0.131741E-01  0.141675E+08  0.141498E+08 -0.104377E+04  0.000000E+00  0.796424E+07  0.141675E+08  0.526349E+00  0.141386E+08
  0.145468E-01  0.136173E+08  0.135970E+08 -0.100914E+04  0.000000E+00  0.724357E+07  0.136173E+08  0.526307E+00  0.135873E+08
  0.160625E-01  0.130310E+08  0.130077E+08 -0.846025E+03  0.000000E+00  0.653173E+07  0.130310E+08  0.526266E+00  0.130000E+08
  0.177361E-01  0.124221E+08  0.123955E+08 -0.599944E+03  0.000000E+00  0.584423E+07  0.124221E+08  0.526224E+00  0.123903E+08
  0.195842E-01  0.117676E+08  0.117374E+08 -0.551588E+03  0.000000E+00  0.517389E+07  0.117676E+08  0.526183E+00  0.117351E+08
  0.216247E-01  0.110810E+08  0.110471E+08 -0.312559E+03  0.000000E+00  0.453388E+07  0.110810E+08  0.526144E+00  0.110482E+08
  0.238780E-01  0.103570E+08  0.103194E+08 -0.315770E+03  0.000000E+00  0.392621E+07  0.103570E+08  0.526105E+00  0.103241E+08
  0.263659E-01  0.962066E+07  0.957955E+07 -0.237146E+03  0.000000E+00  0.336443E+07  0.962066E+07  0.526067E+00  0.958791E+07
  0.291132E-01  0.888031E+07  0.883626E+07 -0.163973E+03  0.000000E+00  0.285230E+07  0.888031E+07  0.526032E+00  0.884807E+07
  0.321466E-01  0.813927E+07  0.809324E+07 -0.148513E+03  0.000000E+00  0.239051E+07  0.813927E+07  0.525998E+00  0.810789E+07
  0.354962E-01  0.741700E+07  0.737037E+07 -0.949289E+02  0.000000E+00  0.198317E+07  0.741700E+07  0.525965E+00  0.738685E+07
  0.391947E-01  0.673869E+07  0.669326E+07 -0.759744E+02  0.000000E+00  0.163322E+07  0.673869E+07  0.525935E+00  0.671011E+07
  0.432786E-01  0.612052E+07  0.607836E+07 -0.764872E+02  0.000000E+00  0.133885E+07  0.612052E+07  0.525907E+00  0.609382E+07
  0.476065E-01  0.559367E+07  0.555654E+07  0.000000E+00  0.000000E+00  0.110430E+07  0.559367E+07  0.525882E+00  0.556898E+07
  0.519343E-01  0.517878E+07  0.514749E+07  0.000000E+00  0.000000E+00  0.927886E+06  0.517878E+07  0.525860E+00  0.515600E+07
  0.562622E-01  0.484142E+07  0.481594E+07  0.000000E+00  0.000000E+00  0.791196E+06  0.484142E+07  0.525842E+00  0.482040E+07
  0.605901E-01  0.455500E+07  0.453461E+07  0.000000E+00  0.000000E+00  0.682010E+06  0.455500E+07  0.525826E+00  0.453552E+07
  0.649179E-01  0.429980E+07  0.428327E+07  0.000000E+00  0.000000E+00  0.592224E+06  0.429980E+07  0.525813E+00  0.428162E+07
  0.692458E-01  0.405974E+07  0.404564E+07  0.000000E+00  0.000000E+00  0.516255E+06  0.405974E+07  0.525801E+00  0.404262E+07
  0.735737E-01  0.382320E+07  0.381014E+07  0.000000E+00  0.000000E+00  0.450355E+06  0.382320E+07  0.525790E+00  0.380697E+07
  0.779015E-01  0.359059E+07  0.357742E+07  0.000000E+00  0.000000E+00  0.392984E+06  0.359059E+07  0.525781E+00  0.357507E+07
  0.822294E-01  0.335869E+07  0.334467E+07  0.000000E+00  0.000000E+00  0.342520E+06  0.335869E+07  0.525773E+00  0.334381E+07
  0.865572E-01  0.313619E+07  0.312103E+07  0.000000E+00  0.000000E+00  0.338961E+06  0.313619E+07  0.525780E+00  0.312205E+07
  0.908851E-01  0.292858E+07  0.291238E+07  0.000000E+00  0.000000E+00  0.297700E+06  0.292858E+07  0.525773E+00  0.291498E+07
  0.973503E-01  0.265585E+07  0.263898E+07  0.000000E+00  0.000000E+00  0.247287E+06  0.265585E+07  0.525764E+00  0.264308E+07
  0.103815E+00  0.243747E+07  0.242135E+07  0.000000E+00  0.000000E+00  0.208756E+06  0.243747E+07  0.525756E+00  0.242558E+07
  0.110281E+00  0.227392E+07  0.225979E+07  0.000000E+00  0.000000E+00  0.179821E+06  0.227392E+07  0.525748E+00  0.226290E+07
  0.116746E+00  0.215029E+07  0.213872E+07  0.000000E+00  0.000000E+00  0.157554E+06  0.215029E+07  0.525742E+00  0.214010E+07
  0.123211E+00  0.204545E+07  0.203625E+07  0.000000E+00  0.000000E+00  0.139297E+06  0.204545E+07  0.525736E+00  0.203599E+07
  0.129676E+00  0.194371E+07  0.193610E+07  0.000000E+00  0.000000E+00  0.123372E+06  0.194371E+07  0.525731E+00  0.193486E+07
  0.136141E+00  0.183680E+07  0.182980E+07  0.000000E+00  0.000000E+00  0.108941E+06  0.183680E+07  0.525727E+00  0.182844E+07
  0.142607E+00  0.172320E+07  0.171600E+07  0.000000E+00  0.000000E+00  0.957255E+05  0.172320E+07  0.525723E+00  0.171523E+07
  0.149072E+00  0.160826E+07  0.160045E+07  0.000000E+00  0.000000E+00  0.838626E+05  0.160826E+07  0.525719E+00  0.160062E+07
  0.155537E+00  0.150094E+07  0.149260E+07  0.000000E+00  0.000000E+00  0.736217E+05  0.150094E+07  0.525716E+00  0.149363E+07
  0.162002E+00  0.140835E+07  0.139988E+07  0.000000E+00  0.000000E+00  0.651100E+05  0.140835E+07  0.525713E+00  0.140137E+07
  0.168467E+00  0.133310E+07  0.132502E+07  0.000000E+00  0.000000E+00  0.581992E+05  0.133310E+07  0.525710E+00  0.132647E+07
  0.174933E+00  0.127360E+07  0.126632E+07  0.000000E+00  0.000000E+00  0.525991E+05  0.127360E+07  0.525708E+00  0.126733E+07
  0.181398E+00  0.122510E+07  0.121879E+07  0.000000E+00  0.000000E+00  0.479424E+05  0.122510E+07  0.525706E+00  0.121916E+07
  0.187863E+00  0.118137E+07  0.117591E+07  0.000000E+00  0.000000E+00  0.438725E+05  0.118137E+07  0.525703E+00  0.117573E+07
  0.194328E+00  0.113706E+07  0.113219E+07  0.000000E+00  0.000000E+00  0.401291E+05  0.113706E+07  0.525702E+00  0.113169E+07
  0.200793E+00  0.108952E+07  0.108487E+07  0.000000E+00  0.000000E+00  0.365882E+05  0.108952E+07  0.525700E+00  0.108436E+07
  0.207259E+00  0.103910E+07  0.103441E+07  0.000000E+00  0.000000E+00  0.332455E+05  0.103910E+07  0.525698E+00  0.103414E+07
  0.213724E+00  0.988428E+06  0.983559E+06  0.000000E+00  0.000000E+00  0.301650E+05  0.988428E+06  0.525697E+00  0.983634E+06
  0.220189E+00  0.940745E+06  0.935734E+06  0.000000E+00  0.000000E+00  0.274166E+05  0.940745E+06  0.525695E+00  0.936119E+06
  0.226654E+00  0.898425E+06  0.893417E+06  0.000000E+00  0.000000E+00  0.250317E+05  0.898425E+06  0.525694E+00  0.893967E+06
  0.233119E+00  0.862389E+06  0.857566E+06  0.000000E+00  0.000000E+00  0.229958E+05  0.862389E+06  0.525693E+00  0.858103E+06
  0.239585E+00  0.832143E+06  0.827648E+06  0.000000E+00  0.000000E+00  0.212580E+05  0.832143E+06  0.525692E+00  0.828028E+06
  0.246050E+00  0.805932E+06  0.801823E+06  0.000000E+00  0.000000E+00  0.197433E+05  0.805932E+06  0.525690E+00  0.801981E+06
  0.252515E+00  0.781465E+06  0.777709E+06  0.000000E+00  0.000000E+00  0.183747E+05  0.781465E+06  0.525689E+00  0.777667E+06
  0.258980E+00  0.756988E+06  0.753484E+06  0.000000E+00  0.000000E+00  0.170984E+05  0.756988E+06  0.525688E+00  0.753327E+06
  0.265445E+00  0.731691E+06  0.728318E+06  0.000000E+00  0.000000E+00  0.158890E+05  0.731691E+06  0.525688E+00  0.728151E+06
  0.271910E+00  0.705592E+06  0.702252E+06  0.000000E+00  0.000000E+00  0.147422E+05  0.705592E+06  0.525687E+00  0.702163E+06
  0.278376E+00  0.679470E+06  0.676112E+06  0.000000E+00  0.000000E+00  0.136691E+05  0.679470E+06  0.525686E+00  0.676143E+06
  0.284841E+00  0.654518E+06  0.651148E+06  0.000000E+00  0.000000E+00  0.126872E+05  0.654518E+06  0.525685E+00  0.651290E+06
  0.291306E+00  0.631678E+06  0.628344E+06  0.000000E+00  0.000000E+00  0.118067E+05  0.631678E+06  0.525685E+00  0.628549E+06
  0.297771E+00  0.611301E+06  0.608062E+06  0.000000E+00  0.000000E+00  0.110249E+05  0.611301E+06  0.525684E+00  0.608269E+06
  0.304236E+00  0.593201E+06  0.590108E+06  0.000000E+00  0.000000E+00  0.103299E+05  0.593201E+06  0.525683E+00  0.590265E+06
  0.310702E+00  0.576787E+06  0.573863E+06  0.000000E+00  0.000000E+00  0.970416E+04  0.576787E+06  0.525683E+00  0.573944E+06
  0.317167E+00  0.561298E+06  0.558534E+06  0.000000E+00  0.000000E+00  0.912949E+04  0.561298E+06  0.525682E+00  0.558542E+06
  0.323632E+00  0.546107E+06  0.543469E+06  0.000000E+00  0.000000E+00  0.859189E+04  0.546107E+06  0.525682E+00  0.543433E+06
  0.330097E+00  0.530866E+06  0.528312E+06  0.000000E+00  0.000000E+00  0.808336E+04  0.530866E+06  0.525681E+00  0.528267E+06
  0.336562E+00  0.515535E+06  0.513029E+06  0.000000E+00  0.000000E+00  0.760135E+04  0.515535E+06  0.525681E+00  0.513006E+06
  0.343028E+00  0.500363E+06  0.497884E+06  0.000000E+00  0.000000E+00  0.714770E+04  0.500363E+06  0.525680E+00  0.497900E+06
  0.349493E+00  0.485729E+06  0.483274E+06  0.000000E+00  0.000000E+00  0.672579E+04  0.485729E+06  0.525680E+00  0.483329E+06
  0.355958E+00  0.471943E+06  0.469527E+06  0.000000E+00  0.000000E+00  0.633754E+04  0.471943E+06  0.525679E+00  0.469606E+06
  0.362423E+00  0.459168E+06  0.456808E+06  0.000000E+00  0.000000E+00  0.598263E+04  0.459168E+06  0.525679E+00  0.456892E+06
  0.368888E+00  0.447384E+06  0.445099E+06  0.000000E+00  0.000000E+00  0.565839E+04  0.447384E+06  0.525679E+00  0.445168E+06
  0.375354E+00  0.436402E+06  0.434200E+06  0.000000E+00  0.000000E+00  0.536027E+04  0.436402E+06  0.525678E+00  0.434244E+06
  0.381819E+00  0.425949E+06  0.423828E+06  0.000000E+00  0.000000E+00  0.508312E+04  0.425949E+06  0.525678E+00  0.423846E+06
  0.388284E+00  0.415793E+06  0.413742E+06  0.000000E+00  0.000000E+00  0.482285E+04  0.415793E+06  0.525677E+00  0.413743E+06
  0.394749E+00  0.405795E+06  0.403800E+06  0.000000E+00  0.000000E+00  0.457678E+04  0.405795E+06  0.525677E+00  0.403794E+06
  0.401214E+00  0.395918E+06  0.393965E+06  0.000000E+00  0.000000E+00  0.434366E+04  0.395918E+06  0.525677E+00  0.393965E+06
  0.407680E+00  0.386224E+06  0.384304E+06  0.000000E+00  0.000000E+00  0.412333E+04  0.386224E+06  0.525677E+00  0.384316E+06
  0.414145E+00  0.376819E+06  0.374930E+06  0.000000E+00  0.000000E+00  0.391619E+04  0.376819E+06  0.525676E+00  0.374954E+06
  0.420610E+00  0.367806E+06  0.365950E+06  0.000000E+00  0.000000E+00  0.372243E+04  0.367806E+06  0.525676E+00  0.365983E+06
  0.427075E+00  0.359250E+06  0.357432E+06  0.000000E+00  0.000000E+00  0.354191E+04  0.359250E+06  0.525676E+00  0.357469E+06
  0.433540E+00  0.351161E+06  0.349387E+06  0.000000E+00  0.000000E+00  0.337387E+04  0.351161E+06  0.525675E+00  0.349420E+06
  0.440005E+00  0.343480E+06  0.341753E+06  0.000000E+00  0.000000E+00  0.321698E+04  0.343480E+06  0.525675E+00  0.341778E+06
  0.446471E+00  0.336114E+06  0.334433E+06  0.000000E+00  0.000000E+00  0.306974E+04  0.336114E+06  0.525675E+00  0.334450E+06
  0.452936E+00  0.328981E+06  0.327344E+06  0.000000E+00  0.000000E+00  0.293083E+04  0.328981E+06  0.525675E+00  0.327353E+06
  0.459401E+00  0.322022E+06  0.320424E+06  0.000000E+00  0.000000E+00  0.279926E+04  0.322022E+06  0.525675E+00  0.320429E+06
  0.465866E+00  0.315210E+06  0.313644E+06  0.000000E+00  0.000000E+00  0.267439E+04  0.315210E+06  0.525674E+00  0.313650E+06
  0.472331E+00  0.308550E+06  0.307013E+06  0.000000E+00  0.000000E+00  0.255589E+04  0.308550E+06  0.525674E+00  0.307022E+06
  0.478797E+00  0.302074E+06  0.300564E+06  0.000000E+00  0.000000E+00  0.244369E+04  0.302074E+06  0.525674E+00  0.300577E+06
  0.485262E+00  0.295815E+06  0.294332E+06  0.000000E+00  0.000000E+00  0.233770E+04  0.295815E+06  0.525674E+00  0.294348E+06
  0.491727E+00  0.289791E+06  0.288335E+06  0.000000E+00  0.000000E+00  0.223773E+04  0.289791E+06  0.525674E+00  0.288353E+06
  0.498192E+00  0.284003E+06  0.282577E+06  0.000000E+00  0.000000E+00  0.214347E+04  0.284003E+06  0.525674E+00  0.282594E+06
  0.504657E+00  0.278439E+06  0.277043E+06  0.000000E+00  0.000000E+00  0.205451E+04  0.278439E+06  0.525673E+00  0.277058E+06
  0.511123E+00  0.273074E+06  0.271708E+06  0.000000E+00  0.000000E+00  0.197039E+04  0.273074E+06  0.525673E+00  0.271719E+06
  0.517588E+00  0.267874E+06  0.266536E+06  0.000000E+00  0.000000E+00  0.189061E+04  0.267874E+06  0.525673E+00  0.266545E+06
  0.524053E+00  0.262809E+06  0.261499E+06  0.000000E+00  0.000000E+00  0.181476E+04  0.262809E+06  0.525673E+00  0.261506E+06
  0.567825E+00  0.231888E+06  0.230728E+06  0.000000E+00  0.000000E+00  0.138921E+04  0.231888E+06  0.525672E+00  0.230737E+06
  0.627544E+00  0.198237E+06  0.197246E+06  0.000000E+00  0.000000E+00  0.993088E+03  0.198237E+06  0.525671E+00  0.197252E+06
  0.693544E+00  0.169234E+06  0.168388E+06  0.000000E+00  0.000000E+00  0.707580E+03  0.169234E+06  0.525670E+00  0.168393E+06
  0.766484E+00  0.144286E+06  0.143565E+06  0.000000E+00  0.000000E+00  0.502589E+03  0.144286E+06  0.525670E+00  0.143568E+06
  0.847097E+00  0.122861E+06  0.122247E+06  0.000000E+00  0.000000E+00  0.355931E+03  0.122861E+06  0.525669E+00  0.122249E+06
  0.936186E+00  0.104495E+06  0.103973E+06  0.000000E+00  0.000000E+00  0.251375E+03  0.104495E+06  0.525669E+00  0.103975E+06
  0.103465E+01  0.887760E+05  0.883325E+05  0.000000E+00  0.000000E+00  0.177072E+03  0.887760E+05  0.525668E+00  0.883338E+05
  0.114346E+01  0.753392E+05  0.749628E+05  0.000000E+00  0.000000E+00  0.124425E+03  0.753392E+05  0.525668E+00  0.749638E+05
  0.126372E+01  0.638722E+05  0.635530E+05  0.000000E+00  0.000000E+00  0.872330E+02  0.638722E+05  0.525667E+00  0.635539E+05
  0.139663E+01  0.540972E+05  0.538269E+05  0.000000E+00  0.000000E+00  0.610267E+02  0.540972E+05  0.525667E+00  0.538276E+05
  0.154351E+01  0.457759E+05  0.455471E+05  0.000000E+00  0.000000E+00  0.426086E+02  0.457759E+05  0.525667E+00  0.455477E+05
  0.170584E+01  0.387000E+05  0.385065E+05  0.000000E+00  0.000000E+00  0.296938E+02  0.387000E+05  0.525667E+00  0.385071E+05
  0.188525E+01  0.326899E+05  0.325264E+05  0.000000E+00  0.000000E+00  0.206578E+02  0.326899E+05  0.525666E+00  0.325269E+05
  0.208352E+01  0.275911E+05  0.274531E+05  0.000000E+00  0.000000E+00  0.143487E+02  0.275911E+05  0.525666E+00  0.274535E+05
  0.230265E+01  0.232692E+05  0.231527E+05  0.000000E+00  0.000000E+00  0.995155E+01  0.232692E+05  0.525666E+00  0.231531E+05
  0.254482E+01  0.196098E+05  0.195115E+05  0.000000E+00  0.000000E+00  0.689261E+01  0.196098E+05  0.525666E+00  0.195119E+05
  0.281246E+01  0.165141E+05  0.164312E+05  0.000000E+00  0.000000E+00  0.476790E+01  0.165141E+05  0.525665E+00  0.164317E+05
  0.310825E+01  0.138975E+05  0.138277E+05  0.000000E+00  0.000000E+00  0.329426E+01  0.138975E+05  0.525665E+00  0.138281E+05
  0.343514E+01  0.116878E+05  0.116290E+05  0.000000E+00  0.000000E+00  0.227361E+01  0.116878E+05  0.525665E+00  0.116295E+05
  0.379642E+01  0.982333E+04  0.977380E+04  0.000000E+00  0.000000E+00  0.156764E+01  0.982333E+04  0.525664E+00  0.977425E+04
  0.419569E+01  0.825126E+04  0.820957E+04  0.000000E+00  0.000000E+00  0.107987E+01  0.825126E+04  0.525664E+00  0.821003E+04
  0.463696E+01  0.692674E+04  0.689164E+04  0.000000E+00  0.000000E+00  0.743258E+00  0.692674E+04  0.525663E+00  0.689211E+04
  0.512464E+01  0.581160E+04  0.578205E+04  0.000000E+00  0.000000E+00  0.511163E+00  0.581160E+04  0.525662E+00  0.578253E+04
  0.566360E+01  0.487339E+04  0.484850E+04  0.000000E+00  0.000000E+00  0.351303E+00  0.487339E+04  0.525661E+00  0.484899E+04
  0.625924E+01  0.408451E+04  0.406354E+04  0.000000E+00  0.000000E+00  0.241242E+00  0.408451E+04  0.525660E+00  0.406405E+04
  0.691753E+01  0.342163E+04  0.340394E+04  0.000000E+00  0.000000E+00  0.165561E+00  0.342163E+04  0.525659E+00  0.340446E+04
  0.764506E+01  0.286495E+04  0.285003E+04  0.000000E+00  0.000000E+00  0.113585E+00  0.286495E+04  0.525657E+00  0.285056E+04
  0.844910E+01  0.239773E+04  0.238513E+04  0.000000E+00  0.000000E+00  0.778662E-01  0.239773E+04  0.525655E+00  0.238567E+04
  0.933769E+01  0.200582E+04  0.199515E+04  0.000000E+00  0.000000E+00  0.533303E-01  0.200582E+04  0.525652E+00  0.199571E+04
  0.103197E+02  0.167724E+04  0.166820E+04  0.000000E+00  0.000000E+00  0.365258E-01  0.167724E+04  0.525649E+00  0.166877E+04
  0.114051E+02  0.140191E+04  0.139422E+04  0.000000E+00  0.000000E+00  0.249979E-01  0.140191E+04  0.525645E+00  0.139481E+04
  0.126046E+02  0.117130E+04  0.116475E+04  0.000000E+00  0.000000E+00  0.171096E-01  0.117130E+04  0.525640E+00  0.116535E+04
  0.139302E+02  0.978238E+03  0.972636E+03  0.000000E+00  0.000000E+00  0.117075E-01  0.978238E+03  0.525635E+00  0.973246E+03
  0.153952E+02  0.816695E+03  0.811884E+03  0.000000E+00  0.000000E+00  0.800432E-02  0.816695E+03  0.525627E+00  0.812507E+03
  0.170144E+02  0.681578E+03  0.677426E+03  0.000000E+00  0.000000E+00  0.547024E-02  0.681578E+03  0.525619E+00  0.678061E+03
  0.188038E+02  0.568612E+03  0.565009E+03  0.000000E+00  0.000000E+00  0.373571E-02  0.568612E+03  0.525608E+00  0.565656E+03
  0.207814E+02  0.474205E+03  0.471059E+03  0.000000E+00  0.000000E+00  0.254526E-02  0.474205E+03  0.525596E+00  0.471718E+03
  0.229670E+02  0.395339E+03  0.392571E+03  0.000000E+00  0.000000E+00  0.174172E-02  0.395339E+03  0.525580E+00  0.393243E+03
  0.253825E+02  0.329479E+03  0.327025E+03  0.000000E+00  0.000000E+00  0.119132E-02  0.329479E+03  0.525561E+00  0.327709E+03
  0.280520E+02  0.274501E+03  0.272307E+03  0.000000E+00  0.000000E+00  0.812481E-03  0.274501E+03  0.525537E+00  0.273003E+03
  0.310022E+02  0.228624E+03  0.226645E+03  0.000000E+00  0.000000E+00  0.553317E-03  0.228624E+03  0.525509E+00  0.227353E+03
  0.342628E+02  0.190354E+03  0.188551E+03  0.000000E+00  0.000000E+00  0.378331E-03  0.190354E+03  0.525474E+00  0.189271E+03
  0.378662E+02  0.158439E+03  0.156782E+03  0.000000E+00  0.000000E+00  0.258444E-03  0.158439E+03  0.525432E+00  0.157514E+03
  0.418486E+02  0.131834E+03  0.130296E+03  0.000000E+00  0.000000E+00  0.172557E-03  0.131834E+03  0.525380E+00  0.131039E+03
  0.462499E+02  0.109661E+03  0.108220E+03  0.000000E+00  0.000000E+00  0.119270E-03  0.109661E+03  0.525317E+00  0.108975E+03
  0.511140E+02  0.911875E+02  0.898259E+02  0.000000E+00  0.000000E+00  0.807524E-04  0.911875E+02  0.525240E+00  0.905913E+02
  0.564897E+02  0.758009E+02  0.745033E+02  0.000000E+00  0.000000E+00  0.560006E-04  0.758009E+02  0.525146E+00  0.752795E+02
  0.624309E+02  0.629886E+02  0.617424E+02  0.000000E+00  0.000000E+00  0.385676E-04  0.629885E+02  0.525033E+00  0.625291E+02
  0.689967E+02  0.523231E+02  0.511182E+02  0.000000E+00  0.000000E+00  0.249985E-04  0.523230E+02  0.524894E+00  0.519149E+02
  0.762532E+02  0.434466E+02  0.422748E+02  0.000000E+00  0.000000E+00  0.168939E-04  0.434466E+02  0.524726E+00  0.430810E+02
  0.842728E+02  0.360612E+02  0.349158E+02  0.000000E+00  0.000000E+00  0.118203E-04  0.360612E+02  0.524522E+00  0.357308E+02
  0.931359E+02  0.299178E+02  0.287935E+02  0.000000E+00  0.000000E+00  0.767094E-05  0.299178E+02  0.524274E+00  0.296165E+02
  0.102931E+03  0.248088E+02  0.237015E+02  0.000000E+00  0.000000E+00  0.546925E-05  0.248088E+02  0.523975E+00  0.245317E+02
  0.113756E+03  0.205610E+02  0.194679E+02  0.000000E+00  0.000000E+00  0.336855E-05  0.205610E+02  0.523614E+00  0.203040E+02
  0.125720E+03  0.170301E+02  0.159493E+02  0.000000E+00  0.000000E+00  0.223098E-05  0.170301E+02  0.523179E+00  0.167899E+02
  0.138942E+03  0.140958E+02  0.130264E+02  0.000000E+00  0.000000E+00  0.162581E-05  0.140958E+02  0.522658E+00  0.138698E+02
  0.153555E+03  0.116580E+02  0.105999E+02  0.000000E+00  0.000000E+00  0.949618E-06  0.116580E+02  0.522034E+00  0.114440E+02
  0.169705E+03  0.963318E+01  0.858719E+01  0.000000E+00  0.000000E+00  0.600532E-06  0.963312E+01  0.521294E+00  0.942954E+01
  0.187553E+03  0.795193E+01  0.691983E+01  0.000000E+00  0.000000E+00  0.654783E-06  0.795186E+01  0.520419E+00  0.775754E+01
  0.207277E+03  0.655649E+01  0.554088E+01  0.000000E+00  0.000000E+00  0.242317E-06  0.655641E+01  0.519395E+00  0.637054E+01
  0.229077E+03  0.539877E+01  0.440315E+01  0.000000E+00  0.000000E+00  0.248425E-06  0.539867E+01  0.518206E+00  0.522082E+01
  0.253169E+03  0.443884E+01  0.346754E+01  0.000000E+00  0.000000E+00  0.576984E-07  0.443871E+01  0.516845E+00  0.426872E+01
  0.279796E+03  0.364350E+01  0.270166E+01  0.000000E+00  0.000000E+00  0.105516E-06  0.364334E+01  0.515310E+00  0.348132E+01
  0.309222E+03  0.298516E+01  0.207860E+01  0.000000E+00  0.000000E+00  0.678791E-07  0.298496E+01  0.513615E+00  0.283125E+01
  0.341743E+03  0.244091E+01  0.157597E+01  0.000000E+00  0.000000E+00  0.857266E-07  0.244067E+01  0.511792E+00  0.229578E+01
  0.377684E+03  0.199170E+01  0.117496E+01  0.000000E+00  0.000000E+00  0.113499E-07  0.199140E+01  0.509901E+00  0.185598E+01
  0.417406E+03  0.162170E+01  0.859611E+00  0.000000E+00  0.000000E+00  0.465031E-07  0.162133E+01  0.508033E+00  0.149606E+01
  0.461305E+03  0.131772E+01  0.616193E+00  0.000000E+00  0.000000E+00 -0.604452E-08  0.131728E+01  0.506311E+00  0.120280E+01
  0.509821E+03  0.106874E+01  0.432651E+00  0.000000E+00  0.000000E+00  0.337708E-07  0.106821E+01  0.504887E+00  0.965070E+00
