  0.104605E-04  0.199306E+08  0.199306E+08  0.265603E+08  0.265599E+08  0.199331E+08  0.199306E+08  0.525985E+00  0.199306E+08
  0.115505E-04  0.199306E+08  0.199306E+08  0.265572E+08  0.265568E+08  0.199330E+08  0.199306E+08  0.525985E+00  0.199306E+08
  0.127541E-04  0.199306E+08  0.199306E+08  0.265535E+08  0.265530E+08  0.199330E+08  0.199306E+08  0.525985E+00  0.199306E+08
  0.140831E-04  0.199306E+08  0.199306E+08  0.265490E+08  0.265483E+08  0.199330E+08  0.199306E+08  0.525985E+00  0.199306E+08
  0.155505E-04  0.199306E+08  0.199306E+08  0.265435E+08  0.265426E+08  0.199330E+08  0.199306E+08  0.525985E+00  0.199306E+08
  0.171709E-04  0.199305E+08  0.199305E+08  0.265367E+08  0.265357E+08  0.199329E+08  0.199305E+08  0.525985E+00  0.199306E+08
  0.189601E-04  0.199305E+08  0.199305E+08  0.265285E+08  0.265273E+08  0.199329E+08  0.199305E+08  0.525985E+00  0.199305E+08
  0.209357E-04  0.199305E+08  0.199305E+08  0.265186E+08  0.265171E+08  0.199328E+08  0.199305E+08  0.525985E+00  0.199305E+08
  0.231172E-04  0.199305E+08  0.199305E+08  0.265064E+08  0.265046E+08  0.199328E+08  0.199305E+08  0.525985E+00  0.199305E+08
  0.255260E-04  0.199305E+08  0.199305E+08  0.264915E+08  0.264893E+08  0.199327E+08  0.199305E+08  0.525985E+00  0.199305E+08
  0.281858E-04  0.199304E+08  0.199304E+08  0.264734E+08  0.264708E+08  0.199326E+08  0.199304E+08  0.525985E+00  0.199304E+08
  0.311228E-04  0.199304E+08  0.199304E+08  0.264514E+08  0.264481E+08  0.199325E+08  0.199304E+08  0.525985E+00  0.199304E+08
  0.343658E-04  0.199303E+08  0.199303E+08  0.264246E+08  0.264206E+08  0.199324E+08  0.199303E+08  0.525984E+00  0.199303E+08
  0.379467E-04  0.199303E+08  0.199303E+08  0.263919E+08  0.263870E+08  0.199322E+08  0.199303E+08  0.525984E+00  0.199303E+08
  0.419007E-04  0.199302E+08  0.199302E+08  0.263521E+08  0.263461E+08  0.199320E+08  0.199302E+08  0.525984E+00  0.199302E+08
  0.462668E-04  0.199301E+08  0.199301E+08  0.263036E+08  0.262964E+08  0.199318E+08  0.199301E+08  0.525983E+00  0.199301E+08
  0.510878E-04  0.199300E+08  0.199300E+08  0.262446E+08  0.262358E+08  0.199315E+08  0.199300E+08  0.525983E+00  0.199300E+08
  0.564111E-04  0.199299E+08  0.199299E+08  0.261729E+08  0.261622E+08  0.199311E+08  0.199299E+08  0.525982E+00  0.199299E+08
  0.622892E-04  0.199297E+08  0.199297E+08  0.260856E+08  0.260726E+08  0.199307E+08  0.199297E+08  0.525981E+00  0.199297E+08
  0.687797E-04  0.199295E+08  0.199295E+08  0.259796E+08  0.259638E+08  0.199301E+08  0.199295E+08  0.525980E+00  0.199295E+08
  0.759465E-04  0.199293E+08  0.199292E+08  0.258509E+08  0.258317E+08  0.199295E+08  0.199293E+08  0.525979E+00  0.199293E+08
  0.838601E-04  0.199290E+08  0.199289E+08  0.256948E+08  0.256715E+08  0.199287E+08  0.199290E+08  0.525977E+00  0.199290E+08
  0.925983E-04  0.199286E+08  0.199286E+08  0.255056E+08  0.254774E+08  0.199277E+08  0.199286E+08  0.525976E+00  0.199286E+08
  0.102247E-03  0.199282E+08  0.199281E+08  0.252767E+08  0.252425E+08  0.199265E+08  0.199282E+08  0.525974E+00  0.199282E+08
  0.112901E-03  0.199276E+08  0.199276E+08  0.250001E+08  0.249588E+08  0.199251E+08  0.199276E+08  0.525971E+00  0.199276E+08
  0.124666E-03  0.199270E+08  0.199269E+08  0.246667E+08  0.246168E+08  0.199233E+08  0.199270E+08  0.525968E+00  0.199270E+08
  0.137656E-03  0.199262E+08  0.199261E+08  0.242657E+08  0.242056E+08  0.199212E+08  0.199262E+08  0.525964E+00  0.199262E+08
  0.151999E-03  0.199252E+08  0.199251E+08  0.237850E+08  0.237128E+08  0.199186E+08  0.199252E+08  0.525959E+00  0.199252E+08
  0.167838E-03  0.199241E+08  0.199239E+08  0.232107E+08  0.231244E+08  0.199154E+08  0.199241E+08  0.525954E+00  0.199240E+08
  0.185326E-03  0.199226E+08  0.199225E+08  0.225279E+08  0.224250E+08  0.199115E+08  0.199226E+08  0.525947E+00  0.199226E+08
  0.204637E-03  0.199209E+08  0.199207E+08  0.217206E+08  0.215986E+08  0.199068E+08  0.199209E+08  0.525939E+00  0.199208E+08
  0.225961E-03  0.199188E+08  0.199185E+08  0.207725E+08  0.206288E+08  0.199011E+08  0.199188E+08  0.525930E+00  0.199187E+08
  0.249506E-03  0.199163E+08  0.199159E+08  0.196687E+08  0.195007E+08  0.198941E+08  0.199163E+08  0.525919E+00  0.199161E+08
  0.275504E-03  0.199132E+08  0.199128E+08  0.183968E+08  0.182023E+08  0.198856E+08  0.199132E+08  0.525906E+00  0.199130E+08
  0.304212E-03  0.199094E+08  0.199090E+08  0.169502E+08  0.167276E+08  0.198754E+08  0.199094E+08  0.525891E+00  0.199092E+08
  0.335910E-03  0.199049E+08  0.199044E+08  0.153310E+08  0.150800E+08  0.198629E+08  0.199049E+08  0.525873E+00  0.199047E+08
  0.370912E-03  0.198995E+08  0.198988E+08  0.135548E+08  0.132768E+08  0.198478E+08  0.198995E+08  0.525853E+00  0.198992E+08
  0.409561E-03  0.198929E+08  0.198921E+08  0.116548E+08  0.113536E+08  0.198295E+08  0.198929E+08  0.525831E+00  0.198925E+08
  0.452237E-03  0.198851E+08  0.198841E+08  0.968571E+07  0.936853E+07  0.198074E+08  0.198851E+08  0.525806E+00  0.198846E+08
  0.499361E-03  0.198757E+08  0.198746E+08  0.772631E+07  0.740389E+07  0.197807E+08  0.198757E+08  0.525779E+00  0.198751E+08
  0.551394E-03  0.198645E+08  0.198632E+08  0.587588E+07  0.556260E+07  0.197486E+08  0.198645E+08  0.525751E+00  0.198638E+08
  0.608849E-03  0.198511E+08  0.198496E+08  0.424418E+07  0.395698E+07  0.197101E+08  0.198511E+08  0.525722E+00  0.198503E+08
  0.672291E-03  0.198353E+08  0.198336E+08  0.293129E+07  0.268726E+07  0.196638E+08  0.198353E+08  0.525693E+00  0.198343E+08
  0.742344E-03  0.198167E+08  0.198147E+08  0.199863E+07  0.181128E+07  0.196085E+08  0.198167E+08  0.525666E+00  0.198155E+08
  0.819696E-03  0.197948E+08  0.197925E+08  0.143889E+07  0.131348E+07  0.195426E+08  0.197948E+08  0.525641E+00  0.197933E+08
  0.905108E-03  0.197691E+08  0.197666E+08  0.116087E+07  0.109086E+07  0.194643E+08  0.197691E+08  0.525619E+00  0.197674E+08
  0.999420E-03  0.197391E+08  0.197364E+08  0.101098E+07  0.977987E+06  0.193718E+08  0.197391E+08  0.525599E+00  0.197372E+08
  0.110356E-02  0.197043E+08  0.197013E+08  0.841859E+06  0.821483E+06  0.192627E+08  0.197043E+08  0.525581E+00  0.197020E+08
  0.121855E-02  0.196639E+08  0.196608E+08  0.601043E+06  0.573348E+06  0.191349E+08  0.196639E+08  0.525564E+00  0.196612E+08
  0.134552E-02  0.196173E+08  0.196139E+08  0.363926E+06  0.322378E+06  0.189862E+08  0.196173E+08  0.525547E+00  0.196141E+08
  0.148573E-02  0.195635E+08  0.195600E+08  0.241144E+06  0.192090E+06  0.188150E+08  0.195635E+08  0.525529E+00  0.195598E+08
  0.164054E-02  0.195016E+08  0.194982E+08  0.222922E+06  0.000000E+00  0.186192E+08  0.195016E+08  0.525512E+00  0.194974E+08
  0.181148E-02  0.194308E+08  0.194273E+08  0.180072E+06  0.000000E+00  0.183973E+08  0.194308E+08  0.525493E+00  0.194258E+08
  0.200024E-02  0.193498E+08  0.193463E+08  0.833522E+05  0.000000E+00  0.181482E+08  0.193498E+08  0.525474E+00  0.193442E+08
  0.220866E-02  0.192576E+08  0.192541E+08  0.506540E+05  0.000000E+00  0.178713E+08  0.192576E+08  0.525453E+00  0.192512E+08
  0.243881E-02  0.191530E+08  0.191494E+08  0.607148E+05  0.000000E+00  0.175664E+08  0.191530E+08  0.525432E+00  0.191457E+08
  0.269293E-02  0.190347E+08  0.190310E+08  0.229983E+05  0.000000E+00  0.172337E+08  0.190347E+08  0.525409E+00  0.190265E+08
  0.297353E-02  0.189014E+08  0.188975E+08  0.211943E+05  0.000000E+00  0.168729E+08  0.189014E+08  0.525386E+00  0.188922E+08
  0.328338E-02  0.187519E+08  0.187478E+08  0.938384E+04  0.000000E+00  0.164839E+08  0.187519E+08  0.525362E+00  0.187417E+08
  0.362550E-02  0.185848E+08  0.185805E+08  0.326250E+04  0.000000E+00  0.160655E+08  0.185848E+08  0.525337E+00  0.185735E+08
  0.400328E-02  0.183989E+08  0.183943E+08 -0.538242E+04  0.000000E+00  0.156168E+08  0.183989E+08  0.525311E+00  0.183864E+08
  0.442042E-02  0.181928E+08  0.181879E+08  0.154260E+04  0.000000E+00  0.151364E+08  0.181928E+08  0.525283E+00  0.181791E+08
  0.488103E-02  0.179651E+08  0.179598E+08 -0.104459E+04  0.000000E+00  0.146256E+08  0.179651E+08  0.525255E+00  0.179502E+08
  0.538963E-02  0.177146E+08  0.177087E+08 -0.390363E+04  0.000000E+00  0.140839E+08  0.177146E+08  0.525225E+00  0.176983E+08
  0.595123E-02  0.174402E+08  0.174337E+08 -0.241997E+04  0.000000E+00  0.134850E+08  0.174402E+08  0.525191E+00  0.174224E+08
  0.657135E-02  0.171397E+08  0.171325E+08 -0.268994E+04  0.000000E+00  0.128672E+08  0.171397E+08  0.525157E+00  0.171205E+08
  0.725608E-02  0.168121E+08  0.168041E+08 -0.230643E+04  0.000000E+00  0.122174E+08  0.168121E+08  0.525120E+00  0.167914E+08
  0.801217E-02  0.164562E+08  0.164471E+08 -0.283034E+04  0.000000E+00  0.115454E+08  0.164562E+08  0.525083E+00  0.164340E+08
  0.884703E-02  0.160704E+08  0.160601E+08 -0.232455E+04  0.000000E+00  0.108581E+08  0.160704E+08  0.525044E+00  0.160467E+08
  0.976889E-02  0.156536E+08  0.156418E+08 -0.162088E+04  0.000000E+00  0.101537E+08  0.156536E+08  0.525005E+00  0.156285E+08
  0.107868E-01  0.152045E+08  0.151910E+08 -0.177725E+04  0.000000E+00  0.943402E+07  0.152045E+08  0.524964E+00  0.151780E+08
  0.119108E-01  0.147218E+08  0.147063E+08 -0.147968E+04  0.000000E+00  0.870621E+07  0.147218E+08  0.524923E+00  0.146939E+08
  0.131519E-01  0.142042E+08  0.141864E+08 -0.108972E+04  0.000000E+00  0.797920E+07  0.142042E+08  0.524881E+00  0.141751E+08
  0.145223E-01  0.136510E+08  0.136306E+08 -0.104258E+04  0.000000E+00  0.725595E+07  0.136510E+08  0.524839E+00  0.136208E+08
  0.160356E-01  0.130616E+08  0.130381E+08 -0.870764E+03  0.000000E+00  0.654171E+07  0.130616E+08  0.524797E+00  0.130303E+08
  0.177065E-01  0.124495E+08  0.124228E+08 -0.619619E+03  0.000000E+00  0.585205E+07  0.124495E+08  0.524756E+00  0.124174E+08
  0.195515E-01  0.117917E+08  0.117614E+08 -0.563463E+03  0.000000E+00  0.517971E+07  0.117917E+08  0.524715E+00  0.117589E+08
  0.215887E-01  0.111017E+08  0.110677E+08 -0.322805E+03  0.000000E+00  0.453792E+07  0.111017E+08  0.524675E+00  0.110686E+08
  0.238383E-01  0.103742E+08  0.103365E+08 -0.328114E+03  0.000000E+00  0.392869E+07  0.103742E+08  0.524636E+00  0.103410E+08
  0.263222E-01  0.963444E+07  0.959318E+07 -0.244594E+03  0.000000E+00  0.336560E+07  0.963444E+07  0.524599E+00  0.960145E+07
  0.290650E-01  0.889086E+07  0.884665E+07 -0.170719E+03  0.000000E+00  0.285244E+07  0.889086E+07  0.524563E+00  0.885838E+07
  0.320936E-01  0.814672E+07  0.810052E+07 -0.151216E+03  0.000000E+00  0.238985E+07  0.814672E+07  0.524529E+00  0.811512E+07
  0.354377E-01  0.742159E+07  0.737479E+07 -0.968291E+02  0.000000E+00  0.198193E+07  0.742159E+07  0.524496E+00  0.739124E+07
  0.391303E-01  0.674123E+07  0.669564E+07 -0.788380E+02  0.000000E+00  0.163172E+07  0.674123E+07  0.524466E+00  0.671247E+07
  0.432077E-01  0.612126E+07  0.607894E+07 -0.792811E+02  0.000000E+00  0.133720E+07  0.612126E+07  0.524438E+00  0.609439E+07
  0.475284E-01  0.559206E+07  0.555479E+07  0.000000E+00  0.000000E+00  0.110245E+07  0.559206E+07  0.524413E+00  0.556722E+07
  0.518492E-01  0.517643E+07  0.514503E+07  0.000000E+00  0.000000E+00  0.100521E+07  0.517643E+07  0.524411E+00  0.515386E+07
  0.561700E-01  0.483947E+07  0.481391E+07  0.000000E+00  0.000000E+00  0.862854E+06  0.483947E+07  0.524392E+00  0.481864E+07
  0.604907E-01  0.455334E+07  0.453288E+07  0.000000E+00  0.000000E+00  0.748470E+06  0.455334E+07  0.524376E+00  0.453404E+07
  0.648115E-01  0.429731E+07  0.428074E+07  0.000000E+00  0.000000E+00  0.653677E+06  0.429731E+07  0.524362E+00  0.427930E+07
  0.691323E-01  0.405682E+07  0.404270E+07  0.000000E+00  0.000000E+00  0.572944E+06  0.405682E+07  0.524349E+00  0.403987E+07
  0.734531E-01  0.382101E+07  0.380795E+07  0.000000E+00  0.000000E+00  0.502566E+06  0.382101E+07  0.524338E+00  0.380493E+07
  0.777738E-01  0.358902E+07  0.357586E+07  0.000000E+00  0.000000E+00  0.440828E+06  0.358902E+07  0.524328E+00  0.357364E+07
  0.820946E-01  0.335724E+07  0.334322E+07  0.000000E+00  0.000000E+00  0.386065E+06  0.335724E+07  0.524319E+00  0.334247E+07
  0.864154E-01  0.313447E+07  0.311930E+07  0.000000E+00  0.000000E+00  0.338262E+06  0.313447E+07  0.524311E+00  0.312026E+07
  0.907361E-01  0.292625E+07  0.291004E+07  0.000000E+00  0.000000E+00  0.297007E+06  0.292625E+07  0.524304E+00  0.291258E+07
  0.971882E-01  0.265266E+07  0.263577E+07  0.000000E+00  0.000000E+00  0.246615E+06  0.265266E+07  0.524295E+00  0.263984E+07
  0.103640E+00  0.243424E+07  0.241808E+07  0.000000E+00  0.000000E+00  0.208165E+06  0.243424E+07  0.524287E+00  0.242229E+07
  0.110092E+00  0.227082E+07  0.225664E+07  0.000000E+00  0.000000E+00  0.179307E+06  0.227082E+07  0.524279E+00  0.225975E+07
  0.116545E+00  0.214721E+07  0.213561E+07  0.000000E+00  0.000000E+00  0.157095E+06  0.214721E+07  0.524273E+00  0.213697E+07
  0.122997E+00  0.204257E+07  0.203334E+07  0.000000E+00  0.000000E+00  0.138895E+06  0.204257E+07  0.524267E+00  0.203307E+07
  0.129449E+00  0.194126E+07  0.193364E+07  0.000000E+00  0.000000E+00  0.123037E+06  0.194126E+07  0.524262E+00  0.193237E+07
  0.135901E+00  0.183485E+07  0.182785E+07  0.000000E+00  0.000000E+00  0.108667E+06  0.183485E+07  0.524258E+00  0.182645E+07
  0.142353E+00  0.172132E+07  0.171412E+07  0.000000E+00  0.000000E+00  0.954833E+05  0.172132E+07  0.524254E+00  0.171331E+07
  0.148805E+00  0.160629E+07  0.159849E+07  0.000000E+00  0.000000E+00  0.836401E+05  0.160629E+07  0.524250E+00  0.159863E+07
  0.155257E+00  0.149891E+07  0.149057E+07  0.000000E+00  0.000000E+00  0.734171E+05  0.149891E+07  0.524247E+00  0.149157E+07
  0.161709E+00  0.140622E+07  0.139775E+07  0.000000E+00  0.000000E+00  0.649194E+05  0.140622E+07  0.524244E+00  0.139922E+07
  0.168161E+00  0.133083E+07  0.132274E+07  0.000000E+00  0.000000E+00  0.580183E+05  0.133083E+07  0.524241E+00  0.132418E+07
  0.174613E+00  0.127123E+07  0.126393E+07  0.000000E+00  0.000000E+00  0.524272E+05  0.127123E+07  0.524239E+00  0.126493E+07
  0.181065E+00  0.122284E+07  0.121651E+07  0.000000E+00  0.000000E+00  0.477870E+05  0.122284E+07  0.524237E+00  0.121688E+07
  0.187518E+00  0.117934E+07  0.117387E+07  0.000000E+00  0.000000E+00  0.437363E+05  0.117934E+07  0.524234E+00  0.117368E+07
  0.193970E+00  0.113524E+07  0.113035E+07  0.000000E+00  0.000000E+00  0.400091E+05  0.113524E+07  0.524233E+00  0.112984E+07
  0.200422E+00  0.108784E+07  0.108319E+07  0.000000E+00  0.000000E+00  0.364814E+05  0.108784E+07  0.524231E+00  0.108266E+07
  0.206874E+00  0.103754E+07  0.103285E+07  0.000000E+00  0.000000E+00  0.331502E+05  0.103754E+07  0.524229E+00  0.103256E+07
  0.213326E+00  0.986952E+06  0.982088E+06  0.000000E+00  0.000000E+00  0.300789E+05  0.986952E+06  0.524228E+00  0.982142E+06
  0.219778E+00  0.939230E+06  0.934221E+06  0.000000E+00  0.000000E+00  0.273352E+05  0.939230E+06  0.524226E+00  0.934587E+06
  0.226230E+00  0.896813E+06  0.891803E+06  0.000000E+00  0.000000E+00  0.249530E+05  0.896813E+06  0.524225E+00  0.892339E+06
  0.232682E+00  0.860728E+06  0.855899E+06  0.000000E+00  0.000000E+00  0.229205E+05  0.860728E+06  0.524224E+00  0.856427E+06
  0.239134E+00  0.830489E+06  0.825986E+06  0.000000E+00  0.000000E+00  0.211872E+05  0.830489E+06  0.524222E+00  0.826359E+06
  0.245586E+00  0.804321E+06  0.800204E+06  0.000000E+00  0.000000E+00  0.196774E+05  0.804321E+06  0.524221E+00  0.800356E+06
  0.252039E+00  0.779916E+06  0.776153E+06  0.000000E+00  0.000000E+00  0.183138E+05  0.779916E+06  0.524220E+00  0.776104E+06
  0.258491E+00  0.755552E+06  0.752045E+06  0.000000E+00  0.000000E+00  0.170432E+05  0.755552E+06  0.524219E+00  0.751878E+06
  0.264943E+00  0.730383E+06  0.727011E+06  0.000000E+00  0.000000E+00  0.158396E+05  0.730383E+06  0.524219E+00  0.726831E+06
  0.271395E+00  0.704360E+06  0.701022E+06  0.000000E+00  0.000000E+00  0.146970E+05  0.704360E+06  0.524218E+00  0.700919E+06
  0.277847E+00  0.678262E+06  0.674907E+06  0.000000E+00  0.000000E+00  0.136268E+05  0.678262E+06  0.524217E+00  0.674924E+06
  0.284299E+00  0.653308E+06  0.649940E+06  0.000000E+00  0.000000E+00  0.126472E+05  0.653308E+06  0.524216E+00  0.650070E+06
  0.290751E+00  0.630468E+06  0.627132E+06  0.000000E+00  0.000000E+00  0.117687E+05  0.630468E+06  0.524216E+00  0.627328E+06
  0.297203E+00  0.610074E+06  0.606832E+06  0.000000E+00  0.000000E+00  0.109884E+05  0.610074E+06  0.524215E+00  0.607031E+06
  0.303655E+00  0.591957E+06  0.588860E+06  0.000000E+00  0.000000E+00  0.102948E+05  0.591957E+06  0.524214E+00  0.589011E+06
  0.310107E+00  0.575565E+06  0.572637E+06  0.000000E+00  0.000000E+00  0.967103E+04  0.575565E+06  0.524214E+00  0.572712E+06
  0.316559E+00  0.560130E+06  0.557362E+06  0.000000E+00  0.000000E+00  0.909868E+04  0.560130E+06  0.524213E+00  0.557364E+06
  0.323012E+00  0.544999E+06  0.542359E+06  0.000000E+00  0.000000E+00  0.856339E+04  0.544999E+06  0.524213E+00  0.542316E+06
  0.329464E+00  0.529804E+06  0.527250E+06  0.000000E+00  0.000000E+00  0.805681E+04  0.529804E+06  0.524212E+00  0.527197E+06
  0.335916E+00  0.514518E+06  0.512012E+06  0.000000E+00  0.000000E+00  0.757660E+04  0.514518E+06  0.524212E+00  0.511980E+06
  0.342368E+00  0.499385E+06  0.496907E+06  0.000000E+00  0.000000E+00  0.712460E+04  0.499385E+06  0.524211E+00  0.496914E+06
  0.348820E+00  0.484765E+06  0.482310E+06  0.000000E+00  0.000000E+00  0.670386E+04  0.484765E+06  0.524211E+00  0.482357E+06
  0.355272E+00  0.470976E+06  0.468558E+06  0.000000E+00  0.000000E+00  0.631648E+04  0.470976E+06  0.524210E+00  0.468631E+06
  0.361724E+00  0.458196E+06  0.455836E+06  0.000000E+00  0.000000E+00  0.596238E+04  0.458196E+06  0.524210E+00  0.455913E+06
  0.368176E+00  0.446427E+06  0.444139E+06  0.000000E+00  0.000000E+00  0.563912E+04  0.446427E+06  0.524209E+00  0.444203E+06
  0.374628E+00  0.435462E+06  0.433258E+06  0.000000E+00  0.000000E+00  0.534195E+04  0.435462E+06  0.524209E+00  0.433297E+06
  0.381080E+00  0.425025E+06  0.422902E+06  0.000000E+00  0.000000E+00  0.506569E+04  0.425025E+06  0.524209E+00  0.422916E+06
  0.387533E+00  0.414898E+06  0.412846E+06  0.000000E+00  0.000000E+00  0.480641E+04  0.414898E+06  0.524208E+00  0.412842E+06
  0.393985E+00  0.404935E+06  0.402940E+06  0.000000E+00  0.000000E+00  0.456135E+04  0.404935E+06  0.524208E+00  0.402929E+06
  0.400437E+00  0.395084E+06  0.393131E+06  0.000000E+00  0.000000E+00  0.432907E+04  0.395084E+06  0.524208E+00  0.393125E+06
  0.406889E+00  0.385406E+06  0.383486E+06  0.000000E+00  0.000000E+00  0.410945E+04  0.385406E+06  0.524208E+00  0.383492E+06
  0.413341E+00  0.376013E+06  0.374124E+06  0.000000E+00  0.000000E+00  0.390292E+04  0.376013E+06  0.524207E+00  0.374142E+06
  0.419793E+00  0.367014E+06  0.365158E+06  0.000000E+00  0.000000E+00  0.370978E+04  0.367014E+06  0.524207E+00  0.365186E+06
  0.426245E+00  0.358466E+06  0.356648E+06  0.000000E+00  0.000000E+00  0.352978E+04  0.358466E+06  0.524207E+00  0.356680E+06
  0.432697E+00  0.350382E+06  0.348608E+06  0.000000E+00  0.000000E+00  0.336220E+04  0.350382E+06  0.524206E+00  0.348636E+06
  0.439149E+00  0.342709E+06  0.340981E+06  0.000000E+00  0.000000E+00  0.320579E+04  0.342709E+06  0.524206E+00  0.341002E+06
  0.445601E+00  0.335361E+06  0.333680E+06  0.000000E+00  0.000000E+00  0.305908E+04  0.335361E+06  0.524206E+00  0.333692E+06
  0.452054E+00  0.328248E+06  0.326610E+06  0.000000E+00  0.000000E+00  0.292069E+04  0.328248E+06  0.524206E+00  0.326615E+06
  0.458506E+00  0.321304E+06  0.319705E+06  0.000000E+00  0.000000E+00  0.278957E+04  0.321304E+06  0.524206E+00  0.319706E+06
  0.464958E+00  0.314508E+06  0.312942E+06  0.000000E+00  0.000000E+00  0.266514E+04  0.314508E+06  0.524205E+00  0.312943E+06
  0.471410E+00  0.307865E+06  0.306328E+06  0.000000E+00  0.000000E+00  0.254708E+04  0.307865E+06  0.524205E+00  0.306332E+06
  0.477862E+00  0.301403E+06  0.299893E+06  0.000000E+00  0.000000E+00  0.243527E+04  0.301403E+06  0.524205E+00  0.299902E+06
  0.484314E+00  0.295152E+06  0.293668E+06  0.000000E+00  0.000000E+00  0.232960E+04  0.295152E+06  0.524205E+00  0.293680E+06
  0.490766E+00  0.289134E+06  0.287678E+06  0.000000E+00  0.000000E+00  0.222993E+04  0.289134E+06  0.524205E+00  0.287692E+06
  0.497218E+00  0.283357E+06  0.281931E+06  0.000000E+00  0.000000E+00  0.213598E+04  0.283357E+06  0.524204E+00  0.281944E+06
  0.503670E+00  0.277803E+06  0.276407E+06  0.000000E+00  0.000000E+00  0.204732E+04  0.277803E+06  0.524204E+00  0.276418E+06
  0.510122E+00  0.272447E+06  0.271080E+06  0.000000E+00  0.000000E+00  0.196347E+04  0.272447E+06  0.524204E+00  0.271088E+06
  0.516575E+00  0.267256E+06  0.265918E+06  0.000000E+00  0.000000E+00  0.188396E+04  0.267256E+06  0.524204E+00  0.265923E+06
  0.523027E+00  0.262203E+06  0.260893E+06  0.000000E+00  0.000000E+00  0.180838E+04  0.262203E+06  0.524204E+00  0.260896E+06
  0.566713E+00  0.231340E+06  0.230180E+06  0.000000E+00  0.000000E+00  0.138425E+04  0.231340E+06  0.524203E+00  0.230186E+06
  0.626315E+00  0.197759E+06  0.196768E+06  0.000000E+00  0.000000E+00  0.989500E+03  0.197759E+06  0.524202E+00  0.196771E+06
  0.692186E+00  0.168816E+06  0.167971E+06  0.000000E+00  0.000000E+00  0.704989E+03  0.168816E+06  0.524201E+00  0.167973E+06
  0.764983E+00  0.143923E+06  0.143202E+06  0.000000E+00  0.000000E+00  0.500727E+03  0.143923E+06  0.524200E+00  0.143203E+06
  0.845437E+00  0.122545E+06  0.121931E+06  0.000000E+00  0.000000E+00  0.354595E+03  0.122545E+06  0.524200E+00  0.121932E+06
  0.934352E+00  0.104221E+06  0.103699E+06  0.000000E+00  0.000000E+00  0.250420E+03  0.104221E+06  0.524199E+00  0.103699E+06
  0.103262E+01  0.885393E+05  0.880960E+05  0.000000E+00  0.000000E+00  0.176393E+03  0.885393E+05  0.524199E+00  0.880960E+05
  0.114122E+01  0.751329E+05  0.747566E+05  0.000000E+00  0.000000E+00  0.123940E+03  0.751329E+05  0.524199E+00  0.747565E+05
  0.126124E+01  0.636946E+05  0.633755E+05  0.000000E+00  0.000000E+00  0.868901E+02  0.636945E+05  0.524198E+00  0.633754E+05
  0.139389E+01  0.539443E+05  0.536741E+05  0.000000E+00  0.000000E+00  0.607845E+02  0.539443E+05  0.524198E+00  0.536740E+05
  0.154049E+01  0.456444E+05  0.454157E+05  0.000000E+00  0.000000E+00  0.424379E+02  0.456444E+05  0.524198E+00  0.454156E+05
  0.170250E+01  0.385869E+05  0.383935E+05  0.000000E+00  0.000000E+00  0.295735E+02  0.385869E+05  0.524198E+00  0.383934E+05
  0.188156E+01  0.325930E+05  0.324296E+05  0.000000E+00  0.000000E+00  0.205735E+02  0.325930E+05  0.524197E+00  0.324296E+05
  0.207944E+01  0.275063E+05  0.273683E+05  0.000000E+00  0.000000E+00  0.142887E+02  0.275063E+05  0.524197E+00  0.273684E+05
  0.229814E+01  0.231964E+05  0.230799E+05  0.000000E+00  0.000000E+00  0.990948E+01  0.231963E+05  0.524197E+00  0.230800E+05
  0.253983E+01  0.195471E+05  0.194488E+05  0.000000E+00  0.000000E+00  0.686297E+01  0.195470E+05  0.524197E+00  0.194490E+05
  0.280695E+01  0.164599E+05  0.163772E+05  0.000000E+00  0.000000E+00  0.474704E+01  0.164599E+05  0.524196E+00  0.163773E+05
  0.310216E+01  0.138505E+05  0.137808E+05  0.000000E+00  0.000000E+00  0.327950E+01  0.138505E+05  0.524196E+00  0.137810E+05
  0.342842E+01  0.116454E+05  0.115866E+05  0.000000E+00  0.000000E+00  0.226294E+01  0.116454E+05  0.524196E+00  0.115869E+05
  0.378899E+01  0.978563E+04  0.973617E+04  0.000000E+00  0.000000E+00  0.155992E+01  0.978562E+04  0.524195E+00  0.973647E+04
  0.418748E+01  0.821746E+04  0.817583E+04  0.000000E+00  0.000000E+00  0.107433E+01  0.821745E+04  0.524195E+00  0.817616E+04
  0.462788E+01  0.689583E+04  0.686079E+04  0.000000E+00  0.000000E+00  0.739122E+00  0.689581E+04  0.524194E+00  0.686115E+04
  0.511460E+01  0.578169E+04  0.575220E+04  0.000000E+00  0.000000E+00  0.507997E+00  0.578167E+04  0.524193E+00  0.575259E+04
  0.565250E+01  0.484430E+04  0.481948E+04  0.000000E+00  0.000000E+00  0.348831E+00  0.484427E+04  0.524192E+00  0.481989E+04
  0.624698E+01  0.405471E+04  0.403382E+04  0.000000E+00  0.000000E+00  0.239223E+00  0.405468E+04  0.524191E+00  0.403425E+04
  0.690398E+01  0.339033E+04  0.337274E+04  0.000000E+00  0.000000E+00  0.163875E+00  0.339029E+04  0.524189E+00  0.337320E+04
  0.763008E+01  0.283005E+04  0.281525E+04  0.000000E+00  0.000000E+00  0.112058E+00  0.283001E+04  0.524188E+00  0.281572E+04
  0.843255E+01  0.235805E+04  0.234558E+04  0.000000E+00  0.000000E+00  0.764741E-01  0.235799E+04  0.524185E+00  0.234607E+04
  0.931940E+01  0.195988E+04  0.194939E+04  0.000000E+00  0.000000E+00  0.520734E-01  0.195981E+04  0.524183E+00  0.194988E+04
  0.102995E+02  0.162235E+04  0.161352E+04  0.000000E+00  0.000000E+00  0.353032E-01  0.162226E+04  0.524179E+00  0.161403E+04
  0.113827E+02  0.133458E+04  0.132717E+04  0.000000E+00  0.000000E+00  0.237755E-01  0.133446E+04  0.524175E+00  0.132768E+04
  0.125799E+02  0.108919E+04  0.108300E+04  0.000000E+00  0.000000E+00  0.158966E-01  0.108906E+04  0.524170E+00  0.108350E+04
  0.139029E+02  0.876988E+03  0.871842E+03  0.000000E+00  0.000000E+00  0.104804E-01  0.876819E+03  0.524164E+00  0.872329E+03
  0.153651E+02  0.691974E+03  0.687751E+03  0.000000E+00  0.000000E+00  0.676196E-02  0.691770E+03  0.524156E+00  0.688214E+03
  0.169811E+02  0.528948E+03  0.525552E+03  0.000000E+00  0.000000E+00  0.423987E-02  0.528705E+03  0.524146E+00  0.525974E+03
  0.187670E+02  0.383953E+03  0.381318E+03  0.000000E+00  0.000000E+00  0.251510E-02  0.383674E+03  0.524133E+00  0.381681E+03
  0.207407E+02  0.255329E+03  0.253406E+03  0.000000E+00  0.000000E+00  0.137440E-02  0.255022E+03  0.524118E+00  0.253690E+03
  0.229220E+02  0.144285E+03  0.143029E+03  0.000000E+00  0.000000E+00  0.637756E-03  0.143971E+03  0.524098E+00  0.143214E+03
  0.253328E+02  0.555017E+02  0.548456E+02  0.000000E+00  0.000000E+00  0.197722E-03  0.552171E+02  0.524072E+00  0.549252E+02
  0.279970E+02 -0.342008E+01 -0.360404E+01  0.000000E+00  0.000000E+00 -0.129975E-04 -0.363198E+01  0.524039E+00 -0.361224E+01
  0.309415E+02 -0.261853E+02 -0.261103E+02  0.000000E+00  0.000000E+00 -0.649709E-04 -0.262995E+02  0.523996E+00 -0.261586E+02
  0.341957E+02 -0.168938E+02 -0.168228E+02  0.000000E+00  0.000000E+00 -0.360666E-04 -0.169437E+02  0.523940E+00 -0.168530E+02
  0.377921E+02  0.218777E+01  0.210022E+01  0.000000E+00  0.000000E+00  0.345937E-05  0.211747E+01  0.523866E+00  0.210581E+01
  0.417667E+02  0.506409E+01  0.492361E+01  0.000000E+00  0.000000E+00  0.567338E-05  0.495511E+01  0.523766E+00  0.492921E+01
  0.461593E+02 -0.214481E+01 -0.218627E+01  0.000000E+00  0.000000E+00 -0.351747E-05 -0.219971E+01  0.523631E+00 -0.218830E+01
  0.510139E+02  0.674764E+00  0.622828E+00  0.000000E+00  0.000000E+00 -0.847089E-06  0.627271E+00  0.523449E+00  0.623921E+00
  0.563791E+02 -0.360392E+00 -0.401535E+00  0.000000E+00  0.000000E+00 -0.129524E-05 -0.403688E+00  0.523196E+00 -0.401643E+00
  0.623086E+02  0.400818E+00  0.360811E+00  0.000000E+00  0.000000E+00 -0.651004E-06  0.359223E+00  0.522838E+00  0.357952E+00
  0.688616E+02  0.429458E-01  0.150977E-01  0.000000E+00  0.000000E+00 -0.305773E-06  0.172125E-01  0.522452E+00  0.168083E-01
  0.761039E+02 -0.457444E-03 -0.236339E-01  0.000000E+00  0.000000E+00 -0.800431E-06 -0.211377E-01  0.521545E+00 -0.214394E-01
  0.841077E+02  0.456226E-01  0.252547E-01  0.000000E+00  0.000000E+00 -0.318932E-06  0.255469E-01  0.520659E+00  0.253930E-01
  0.929534E+02  0.150159E-01 -0.131849E-02  0.000000E+00  0.000000E+00  0.419264E-06 -0.239099E-02  0.519640E+00 -0.221283E-02
  0.102729E+03  0.197901E-01  0.584405E-02  0.000000E+00  0.000000E+00 -0.288006E-06  0.552970E-02  0.517007E+00  0.555556E-02
  0.113534E+03  0.134584E-01  0.202917E-02  0.000000E+00  0.000000E+00  0.525748E-07  0.165351E-02  0.513667E+00  0.170538E-02
  0.125474E+03  0.812206E-02 -0.110363E-02  0.000000E+00  0.000000E+00  0.267606E-06 -0.779936E-03  0.508951E+00 -0.827351E-03
  0.138670E+03  0.744650E-02 -0.217280E-03  0.000000E+00  0.000000E+00 -0.265164E-06 -0.475384E-04  0.499015E+00 -0.739338E-04
  0.153254E+03  0.613119E-02 -0.223698E-03  0.000000E+00  0.000000E+00 -0.133877E-06 -0.233482E-03  0.491791E+00 -0.230962E-03
  0.169372E+03  0.530332E-02  0.439821E-04  0.000000E+00  0.000000E+00 -0.201050E-06  0.709657E-04  0.475684E+00  0.664367E-04
  0.187185E+03  0.436802E-02  0.137784E-04  0.000000E+00  0.000000E+00 -0.352523E-07 -0.993503E-05  0.489189E+00 -0.617770E-05
  0.206872E+03  0.358555E-02 -0.706074E-05  0.000000E+00  0.000000E+00  0.919810E-07  0.467663E-05  0.514482E+00  0.281820E-05
  0.228628E+03  0.296604E-02 -0.493046E-05  0.000000E+00  0.000000E+00  0.671196E-08 -0.206991E-05  0.268674E+00 -0.250932E-05
  0.252674E+03  0.245588E-02 -0.545904E-07  0.000000E+00  0.000000E+00 -0.287930E-07 -0.123962E-05  0.338157E+00 -0.104883E-05
  0.279248E+03  0.203009E-02  0.107408E-05  0.000000E+00  0.000000E+00  0.550271E-07  0.279639E-05  0.163705E+00  0.251494E-05
  0.308617E+03  0.167622E-02 -0.524158E-06  0.000000E+00  0.000000E+00  0.240238E-07  0.206557E-05  0.311353E+00  0.165117E-05
  0.341073E+03  0.138517E-02 -0.339622E-06  0.000000E+00  0.000000E+00  0.402597E-08  0.911653E-06  0.443006E+00  0.711761E-06
  0.376945E+03  0.114477E-02  0.130123E-06  0.000000E+00  0.000000E+00 -0.454019E-07  0.307552E-06 -0.125498E+01  0.278259E-06
  0.416588E+03  0.945520E-03 -0.959628E-07  0.000000E+00  0.000000E+00  0.340184E-07  0.629152E-08 -0.434518E+02 -0.961252E-08
  0.460402E+03  0.781163E-03  0.604225E-07  0.000000E+00  0.000000E+00 -0.194257E-07 -0.231734E-06  0.170667E+01 -0.185060E-06
  0.508823E+03  0.645160E-03 -0.177780E-07  0.000000E+00  0.000000E+00 -0.211471E-07  0.229937E-06 -0.115988E+00  0.190062E-06
