    0.10000E-03    0.44388E+03
    0.10202E-03    0.45253E+03
    0.10408E-03    0.46135E+03
    0.10618E-03    0.47034E+03
    0.10833E-03    0.47950E+03
    0.11052E-03    0.48885E+03
    0.11275E-03    0.49837E+03
    0.11503E-03    0.50808E+03
    0.11735E-03    0.51798E+03
    0.11972E-03    0.52807E+03
    0.12214E-03    0.53836E+03
    0.12461E-03    0.54885E+03
    0.12712E-03    0.55954E+03
    0.12969E-03    0.57045E+03
    0.13231E-03    0.58156E+03
    0.13499E-03    0.59289E+03
    0.13771E-03    0.60444E+03
    0.14049E-03    0.61621E+03
    0.14333E-03    0.62821E+03
    0.14623E-03    0.64045E+03
    0.14918E-03    0.65292E+03
    0.15220E-03    0.66564E+03
    0.15527E-03    0.67860E+03
    0.15841E-03    0.69182E+03
    0.16161E-03    0.70529E+03
    0.16487E-03    0.71902E+03
    0.16820E-03    0.73302E+03
    0.17160E-03    0.74730E+03
    0.17507E-03    0.76184E+03
    0.17860E-03    0.77668E+03
    0.18221E-03    0.79180E+03
    0.18589E-03    0.80721E+03
    0.18965E-03    0.82292E+03
    0.19348E-03    0.83894E+03
    0.19739E-03    0.85526E+03
    0.20138E-03    0.87191E+03
    0.20544E-03    0.88887E+03
    0.20959E-03    0.90617E+03
    0.21383E-03    0.92380E+03
    0.21815E-03    0.94177E+03
    0.22255E-03    0.96009E+03
    0.22705E-03    0.97876E+03
    0.23164E-03    0.99779E+03
    0.23632E-03    0.10172E+04
    0.24109E-03    0.10370E+04
    0.24596E-03    0.10571E+04
    0.25093E-03    0.10777E+04
    0.25600E-03    0.10986E+04
    0.26117E-03    0.11200E+04
    0.26645E-03    0.11418E+04
    0.27183E-03    0.11639E+04
    0.27732E-03    0.11865E+04
    0.28292E-03    0.12096E+04
    0.28864E-03    0.12331E+04
    0.29447E-03    0.12570E+04
    0.30042E-03    0.12814E+04
    0.30649E-03    0.13063E+04
    0.31268E-03    0.13317E+04
    0.31899E-03    0.13575E+04
    0.32544E-03    0.13838E+04
    0.33201E-03    0.14107E+04
    0.33872E-03    0.14381E+04
    0.34556E-03    0.14659E+04
    0.35254E-03    0.14944E+04
    0.35966E-03    0.15233E+04
    0.36693E-03    0.15528E+04
    0.37434E-03    0.15829E+04
    0.38190E-03    0.16136E+04
    0.38962E-03    0.16448E+04
    0.39749E-03    0.16767E+04
    0.40552E-03    0.17091E+04
    0.41371E-03    0.17422E+04
    0.42207E-03    0.17759E+04
    0.43060E-03    0.18102E+04
    0.43929E-03    0.18452E+04
    0.44817E-03    0.18809E+04
    0.45722E-03    0.19172E+04
    0.46646E-03    0.19542E+04
    0.47588E-03    0.19920E+04
    0.48550E-03    0.20304E+04
    0.49530E-03    0.20696E+04
    0.50531E-03    0.21095E+04
    0.51552E-03    0.21501E+04
    0.52593E-03    0.21916E+04
    0.53656E-03    0.22338E+04
    0.54739E-03    0.22768E+04
    0.55845E-03    0.23206E+04
    0.56973E-03    0.23652E+04
    0.58124E-03    0.24107E+04
    0.59299E-03    0.24570E+04
    0.60496E-03    0.25041E+04
    0.61719E-03    0.25522E+04
    0.62965E-03    0.26012E+04
    0.64237E-03    0.26510E+04
    0.65535E-03    0.27018E+04
    0.66859E-03    0.27535E+04
    0.68210E-03    0.28062E+04
    0.69588E-03    0.28599E+04
    0.70993E-03    0.29146E+04
    0.72427E-03    0.29702E+04
    0.73891E-03    0.30269E+04
    0.75383E-03    0.30846E+04
    0.76906E-03    0.31434E+04
    0.78460E-03    0.32033E+04
    0.80045E-03    0.32642E+04
    0.81662E-03    0.33263E+04
    0.83311E-03    0.33894E+04
    0.84994E-03    0.34538E+04
    0.86711E-03    0.35193E+04
    0.88463E-03    0.35859E+04
    0.90250E-03    0.36538E+04
    0.92073E-03    0.37229E+04
    0.93933E-03    0.37932E+04
    0.95831E-03    0.38648E+04
    0.97767E-03    0.39376E+04
    0.99742E-03    0.40118E+04
    0.10176E-02    0.40873E+04
    0.10381E-02    0.41640E+04
    0.10591E-02    0.42422E+04
    0.10805E-02    0.43217E+04
    0.11023E-02    0.44026E+04
    0.11246E-02    0.44849E+04
    0.11473E-02    0.45687E+04
    0.11705E-02    0.46539E+04
    0.11941E-02    0.47405E+04
    0.12182E-02    0.48287E+04
    0.12429E-02    0.49183E+04
    0.12680E-02    0.50095E+04
    0.12936E-02    0.51023E+04
    0.13197E-02    0.51966E+04
    0.13464E-02    0.52924E+04
    0.13736E-02    0.53899E+04
    0.14013E-02    0.54890E+04
    0.14296E-02    0.55898E+04
    0.14585E-02    0.56922E+04
    0.14880E-02    0.57963E+04
    0.15180E-02    0.59021E+04
    0.15487E-02    0.60097E+04
    0.15800E-02    0.61189E+04
    0.16119E-02    0.62299E+04
    0.16445E-02    0.63427E+04
    0.16777E-02    0.64573E+04
    0.17116E-02    0.65737E+04
    0.17462E-02    0.66919E+04
    0.17814E-02    0.68119E+04
    0.18174E-02    0.69338E+04
    0.18541E-02    0.70576E+04
    0.18916E-02    0.71833E+04
    0.19298E-02    0.73108E+04
    0.19688E-02    0.74403E+04
    0.20086E-02    0.75717E+04
    0.20491E-02    0.77051E+04
    0.20905E-02    0.78403E+04
    0.21328E-02    0.79776E+04
    0.21758E-02    0.81168E+04
    0.22198E-02    0.82580E+04
    0.22646E-02    0.84012E+04
    0.23104E-02    0.85464E+04
    0.23571E-02    0.86937E+04
    0.24047E-02    0.88429E+04
    0.24533E-02    0.89941E+04
    0.25028E-02    0.91474E+04
    0.25534E-02    0.93027E+04
    0.26050E-02    0.94600E+04
    0.26576E-02    0.96193E+04
    0.27113E-02    0.97807E+04
    0.27660E-02    0.99441E+04
    0.28219E-02    0.10110E+05
    0.28789E-02    0.10277E+05
    0.29371E-02    0.10446E+05
    0.29964E-02    0.10618E+05
    0.30569E-02    0.10791E+05
    0.31187E-02    0.10967E+05
    0.31817E-02    0.11144E+05
    0.32460E-02    0.11324E+05
    0.33115E-02    0.11505E+05
    0.33784E-02    0.11688E+05
    0.34467E-02    0.11874E+05
    0.35163E-02    0.12061E+05
    0.35874E-02    0.12250E+05
    0.36598E-02    0.12441E+05
    0.37338E-02    0.12633E+05
    0.38092E-02    0.12828E+05
    0.38861E-02    0.13024E+05
    0.39646E-02    0.13222E+05
    0.40447E-02    0.13421E+05
    0.41264E-02    0.13623E+05
    0.42098E-02    0.13826E+05
    0.42948E-02    0.14030E+05
    0.43816E-02    0.14236E+05
    0.44701E-02    0.14443E+05
    0.45604E-02    0.14652E+05
    0.46525E-02    0.14863E+05
    0.47465E-02    0.15074E+05
    0.48424E-02    0.15287E+05
    0.49402E-02    0.15501E+05
    0.50400E-02    0.15716E+05
    0.51419E-02    0.15932E+05
    0.52457E-02    0.16149E+05
    0.53517E-02    0.16367E+05
    0.54598E-02    0.16586E+05
    0.55701E-02    0.16805E+05
    0.56826E-02    0.17025E+05
    0.57974E-02    0.17246E+05
    0.59145E-02    0.17467E+05
    0.60340E-02    0.17689E+05
    0.61559E-02    0.17910E+05
    0.62803E-02    0.18132E+05
    0.64072E-02    0.18354E+05
    0.65366E-02    0.18575E+05
    0.66686E-02    0.18796E+05
    0.68033E-02    0.19017E+05
    0.69408E-02    0.19238E+05
    0.70810E-02    0.19457E+05
    0.72240E-02    0.19676E+05
    0.73700E-02    0.19894E+05
    0.75189E-02    0.20111E+05
    0.76708E-02    0.20327E+05
    0.78257E-02    0.20541E+05
    0.79838E-02    0.20754E+05
    0.81451E-02    0.20965E+05
    0.83096E-02    0.21174E+05
    0.84775E-02    0.21380E+05
    0.86488E-02    0.21585E+05
    0.88235E-02    0.21787E+05
    0.90017E-02    0.21986E+05
    0.91836E-02    0.22183E+05
    0.93691E-02    0.22376E+05
    0.95583E-02    0.22566E+05
    0.97514E-02    0.22753E+05
    0.99484E-02    0.22936E+05
    0.10149E-01    0.23115E+05
    0.10354E-01    0.23289E+05
    0.10564E-01    0.23460E+05
    0.10777E-01    0.23625E+05
    0.10995E-01    0.23786E+05
    0.11217E-01    0.23941E+05
    0.11443E-01    0.24091E+05
    0.11675E-01    0.24235E+05
    0.11910E-01    0.24373E+05
    0.12151E-01    0.24505E+05
    0.12397E-01    0.24630E+05
    0.12647E-01    0.24749E+05
    0.12902E-01    0.24861E+05
    0.13163E-01    0.24965E+05
    0.13429E-01    0.25063E+05
    0.13700E-01    0.25152E+05
    0.13977E-01    0.25233E+05
    0.14259E-01    0.25304E+05
    0.14547E-01    0.25366E+05
    0.14841E-01    0.25418E+05
    0.15141E-01    0.25461E+05
    0.15447E-01    0.25496E+05
    0.15759E-01    0.25523E+05
    0.16077E-01    0.25544E+05
    0.16402E-01    0.25558E+05
    0.16734E-01    0.25565E+05
    0.17072E-01    0.25562E+05
    0.17416E-01    0.25547E+05
    0.17768E-01    0.25519E+05
    0.18127E-01    0.25474E+05
    0.18493E-01    0.25416E+05
    0.18867E-01    0.25344E+05
    0.19248E-01    0.25261E+05
    0.19637E-01    0.25167E+05
    0.20034E-01    0.25062E+05
    0.20438E-01    0.24946E+05
    0.20851E-01    0.24817E+05
    0.21272E-01    0.24674E+05
    0.21702E-01    0.24516E+05
    0.22141E-01    0.24342E+05
    0.22588E-01    0.24154E+05
    0.23044E-01    0.23954E+05
    0.23510E-01    0.23742E+05
    0.23985E-01    0.23521E+05
    0.24469E-01    0.23290E+05
    0.24964E-01    0.23052E+05
    0.25468E-01    0.22804E+05
    0.25982E-01    0.22549E+05
    0.26507E-01    0.22285E+05
    0.27043E-01    0.22012E+05
    0.27589E-01    0.21732E+05
    0.28146E-01    0.21443E+05
    0.28715E-01    0.21146E+05
    0.29295E-01    0.20840E+05
    0.29887E-01    0.20526E+05
    0.30490E-01    0.20205E+05
    0.31106E-01    0.19879E+05
    0.31735E-01    0.19547E+05
    0.32376E-01    0.19210E+05
    0.33030E-01    0.18871E+05
    0.33697E-01    0.18530E+05
    0.34378E-01    0.18188E+05
    0.35072E-01    0.17847E+05
    0.35781E-01    0.17508E+05
    0.36504E-01    0.17172E+05
    0.37241E-01    0.16840E+05
    0.37993E-01    0.16512E+05
    0.38761E-01    0.16189E+05
    0.39544E-01    0.15872E+05
    0.40343E-01    0.15562E+05
    0.41158E-01    0.15258E+05
    0.41989E-01    0.14961E+05
    0.42838E-01    0.14671E+05
    0.43703E-01    0.14389E+05
    0.44586E-01    0.14115E+05
    0.45486E-01    0.13851E+05
    0.46405E-01    0.13598E+05
    0.47343E-01    0.13356E+05
    0.48299E-01    0.13128E+05
    0.49275E-01    0.12911E+05
    0.50270E-01    0.12706E+05
    0.51286E-01    0.12510E+05
    0.52322E-01    0.12323E+05
    0.53379E-01    0.12144E+05
    0.54457E-01    0.11972E+05
    0.55557E-01    0.11806E+05
    0.56680E-01    0.11645E+05
    0.57825E-01    0.11488E+05
    0.58993E-01    0.11334E+05
    0.60184E-01    0.11182E+05
    0.61400E-01    0.11030E+05
    0.62641E-01    0.10876E+05
    0.63906E-01    0.10721E+05
    0.65197E-01    0.10563E+05
    0.66514E-01    0.10400E+05
    0.67858E-01    0.10230E+05
    0.69229E-01    0.10051E+05
    0.70627E-01    0.98625E+04
    0.72054E-01    0.96643E+04
    0.73510E-01    0.94575E+04
    0.74994E-01    0.92425E+04
    0.76509E-01    0.90173E+04
    0.78055E-01    0.87798E+04
    0.79632E-01    0.85297E+04
    0.81241E-01    0.82705E+04
    0.82882E-01    0.80060E+04
    0.84556E-01    0.77387E+04
    0.86264E-01    0.74706E+04
    0.88007E-01    0.72032E+04
    0.89785E-01    0.69390E+04
    0.91598E-01    0.66802E+04
    0.93449E-01    0.64293E+04
    0.95337E-01    0.61892E+04
    0.97263E-01    0.59622E+04
    0.99227E-01    0.57503E+04
    0.10123E+00    0.55552E+04
    0.10328E+00    0.53781E+04
    0.10536E+00    0.52200E+04
    0.10749E+00    0.50801E+04
    0.10966E+00    0.49569E+04
    0.11188E+00    0.48490E+04
    0.11414E+00    0.47532E+04
    0.11644E+00    0.46661E+04
    0.11880E+00    0.45844E+04
    0.12120E+00    0.45048E+04
    0.12365E+00    0.44239E+04
    0.12614E+00    0.43390E+04
    0.12869E+00    0.42476E+04
    0.13129E+00    0.41476E+04
    0.13394E+00    0.40375E+04
    0.13665E+00    0.39161E+04
    0.13941E+00    0.37837E+04
    0.14223E+00    0.36421E+04
    0.14510E+00    0.34938E+04
    0.14803E+00    0.33429E+04
    0.15102E+00    0.31934E+04
    0.15407E+00    0.30492E+04
    0.15718E+00    0.29141E+04
    0.16036E+00    0.27904E+04
    0.16360E+00    0.26799E+04
    0.16690E+00    0.25834E+04
    0.17028E+00    0.25005E+04
    0.17371E+00    0.24301E+04
    0.17722E+00    0.23700E+04
    0.18080E+00    0.23171E+04
    0.18446E+00    0.22674E+04
    0.18818E+00    0.22169E+04
    0.19198E+00    0.21621E+04
    0.19586E+00    0.21005E+04
    0.19982E+00    0.20310E+04
    0.20386E+00    0.19542E+04
    0.20797E+00    0.18722E+04
    0.21218E+00    0.17881E+04
    0.21646E+00    0.17053E+04
    0.22083E+00    0.16271E+04
    0.22530E+00    0.15560E+04
    0.22985E+00    0.14936E+04
    0.23449E+00    0.14402E+04
    0.23923E+00    0.13947E+04
    0.24406E+00    0.13549E+04
    0.24899E+00    0.13176E+04
    0.25402E+00    0.12801E+04
    0.25915E+00    0.12401E+04
    0.26439E+00    0.11967E+04
    0.26973E+00    0.11495E+04
    0.27518E+00    0.11001E+04
    0.28074E+00    0.10506E+04
    0.28641E+00    0.10037E+04
    0.29219E+00    0.96118E+03
    0.29810E+00    0.92356E+03
    0.30412E+00    0.89050E+03
    0.31026E+00    0.86075E+03
    0.31653E+00    0.83243E+03
    0.32292E+00    0.80385E+03
    0.32945E+00    0.77400E+03
    0.33610E+00    0.74281E+03
    0.34289E+00    0.71113E+03
    0.34982E+00    0.68027E+03
    0.35689E+00    0.65138E+03
    0.36409E+00    0.62513E+03
    0.37145E+00    0.60138E+03
    0.37895E+00    0.57922E+03
    0.38661E+00    0.55766E+03
    0.39442E+00    0.53606E+03
    0.40239E+00    0.51422E+03
    0.41052E+00    0.49250E+03
    0.41881E+00    0.47160E+03
    0.42727E+00    0.45198E+03
    0.43590E+00    0.43376E+03
    0.44471E+00    0.41666E+03
    0.45369E+00    0.40017E+03
    0.46286E+00    0.38393E+03
    0.47221E+00    0.36792E+03
    0.48174E+00    0.35238E+03
    0.49148E+00    0.33754E+03
    0.50141E+00    0.32355E+03
    0.51153E+00    0.31027E+03
    0.52187E+00    0.29750E+03
    0.53241E+00    0.28510E+03
    0.54317E+00    0.27309E+03
    0.55414E+00    0.26150E+03
    0.56533E+00    0.25039E+03
    0.57675E+00    0.23975E+03
    0.58840E+00    0.22957E+03
    0.60029E+00    0.21983E+03
    0.61242E+00    0.21049E+03
    0.62479E+00    0.20152E+03
    0.63741E+00    0.19290E+03
    0.65029E+00    0.18463E+03
    0.66342E+00    0.17668E+03
    0.67683E+00    0.16906E+03
    0.69050E+00    0.16174E+03
    0.70445E+00    0.15473E+03
    0.71868E+00    0.14801E+03
    0.73320E+00    0.14157E+03
    0.74801E+00    0.13539E+03
    0.76312E+00    0.12947E+03
    0.77854E+00    0.12380E+03
    0.79426E+00    0.11836E+03
    0.81031E+00    0.11315E+03
    0.82668E+00    0.10816E+03
    0.84338E+00    0.10338E+03
    0.86041E+00    0.98799E+02
    0.87780E+00    0.94415E+02
    0.89553E+00    0.90218E+02
    0.91362E+00    0.86199E+02
    0.93208E+00    0.82353E+02
    0.95091E+00    0.78671E+02
    0.97011E+00    0.75147E+02
    0.98971E+00    0.71775E+02
    0.10097E+01    0.68547E+02
    0.10301E+01    0.65459E+02
    0.10509E+01    0.62505E+02
    0.10721E+01    0.59678E+02
    0.10938E+01    0.56974E+02
    0.11159E+01    0.54389E+02
    0.11384E+01    0.51917E+02
    0.11614E+01    0.49553E+02
    0.11849E+01    0.47294E+02
    0.12088E+01    0.45133E+02
    0.12333E+01    0.43068E+02
    0.12582E+01    0.41093E+02
    0.12836E+01    0.39205E+02
    0.13095E+01    0.37401E+02
    0.13360E+01    0.35676E+02
    0.13630E+01    0.34029E+02
    0.13905E+01    0.32456E+02
    0.14186E+01    0.30953E+02
    0.14472E+01    0.29518E+02
    0.14765E+01    0.28148E+02
    0.15063E+01    0.26839E+02
    0.15367E+01    0.25589E+02
    0.15678E+01    0.24394E+02
    0.15994E+01    0.23254E+02
    0.16318E+01    0.22165E+02
    0.16647E+01    0.21126E+02
    0.16984E+01    0.20134E+02
    0.17327E+01    0.19187E+02
    0.17677E+01    0.18284E+02
    0.18034E+01    0.17422E+02
    0.18398E+01    0.16600E+02
    0.18770E+01    0.15816E+02
    0.19149E+01    0.15067E+02
    0.19536E+01    0.14353E+02
    0.19930E+01    0.13672E+02
    0.20333E+01    0.13022E+02
    0.20744E+01    0.12402E+02
    0.21163E+01    0.11810E+02
    0.21590E+01    0.11245E+02
    0.22026E+01    0.10706E+02
    0.22471E+01    0.10193E+02
    0.22925E+01    0.97031E+01
    0.23388E+01    0.92363E+01
    0.23861E+01    0.87914E+01
    0.24343E+01    0.83674E+01
    0.24835E+01    0.79632E+01
    0.25336E+01    0.75779E+01
    0.25848E+01    0.72107E+01
    0.26370E+01    0.68607E+01
    0.26903E+01    0.65272E+01
    0.27447E+01    0.62094E+01
    0.28001E+01    0.59066E+01
    0.28567E+01    0.56181E+01
    0.29144E+01    0.53433E+01
    0.29733E+01    0.50813E+01
    0.30333E+01    0.48317E+01
    0.30946E+01    0.45936E+01
    0.31571E+01    0.43667E+01
    0.32209E+01    0.41504E+01
    0.32860E+01    0.39442E+01
    0.33523E+01    0.37478E+01
    0.34201E+01    0.35607E+01
    0.34892E+01    0.33826E+01
    0.35596E+01    0.32129E+01
    0.36316E+01    0.30513E+01
    0.37049E+01    0.28973E+01
    0.37798E+01    0.27506E+01
    0.38561E+01    0.26108E+01
    0.39340E+01    0.24776E+01
    0.40135E+01    0.23507E+01
    0.40946E+01    0.22299E+01
    0.41773E+01    0.21149E+01
    0.42617E+01    0.20054E+01
    0.43478E+01    0.19010E+01
    0.44356E+01    0.18015E+01
    0.45252E+01    0.17065E+01
    0.46166E+01    0.16158E+01
    0.47099E+01    0.15291E+01
    0.48050E+01    0.14464E+01
    0.49021E+01    0.13675E+01
    0.50011E+01    0.12923E+01
    0.51021E+01    0.12208E+01
    0.52052E+01    0.11528E+01
    0.53104E+01    0.10881E+01
    0.54176E+01    0.10264E+01
    0.55271E+01    0.96751E+00
    0.56387E+01    0.91123E+00
    0.57526E+01    0.85739E+00
    0.58689E+01    0.80590E+00
    0.59874E+01    0.75667E+00
    0.61084E+01    0.70963E+00
    0.62318E+01    0.66472E+00
    0.63577E+01    0.62186E+00
    0.64861E+01    0.58098E+00
    0.66171E+01    0.54199E+00
    0.67508E+01    0.50485E+00
    0.68872E+01    0.46947E+00
    0.70263E+01    0.43580E+00
    0.71682E+01    0.40371E+00
    0.73130E+01    0.37307E+00
    0.74608E+01    0.34379E+00
    0.76115E+01    0.31581E+00
    0.77653E+01    0.28910E+00
    0.79221E+01    0.26372E+00
    0.80822E+01    0.23972E+00
    0.82454E+01    0.21715E+00
    0.84120E+01    0.19602E+00
    0.85819E+01    0.17630E+00
    0.87553E+01    0.15770E+00
    0.89322E+01    0.13999E+00
    0.91126E+01    0.12304E+00
    0.92967E+01    0.10683E+00
    0.94845E+01    0.91492E-01
    0.96761E+01    0.77500E-01
    0.98716E+01    0.65211E-01
    0.10071E+02    0.54741E-01
    0.10274E+02    0.46039E-01
    0.10482E+02    0.38828E-01
    0.10694E+02    0.32220E-01
    0.10910E+02    0.25628E-01
    0.11130E+02    0.19035E-01
    0.11355E+02    0.12862E-01
    0.11584E+02    0.77714E-02
    0.11818E+02    0.43455E-02
    0.12057E+02    0.23707E-02
    0.12301E+02    0.13304E-02
    0.12549E+02    0.80972E-03
    0.12803E+02    0.55975E-03
    0.13061E+02    0.44296E-03
    0.13325E+02    0.39891E-03
    0.13594E+02    0.40637E-03
    0.13869E+02    0.46550E-03
    0.14149E+02    0.59071E-03
    0.14435E+02    0.77658E-03
    0.14727E+02    0.97089E-03
    0.15024E+02    0.10595E-02
    0.15328E+02    0.92642E-03
    0.15637E+02    0.61115E-03
    0.15953E+02    0.33205E-03
    0.16275E+02    0.17105E-03
    0.16604E+02    0.96170E-04
    0.16940E+02    0.67939E-04
    0.17282E+02    0.66834E-04
    0.17631E+02    0.81437E-04
    0.17987E+02    0.10103E-03
    0.18351E+02    0.10488E-03
    0.18721E+02    0.74880E-04
    0.19099E+02    0.31816E-04
    0.19485E+02    0.93766E-05
    0.19879E+02    0.24860E-05
    0.20280E+02    0.76917E-06
    0.20690E+02    0.36023E-06
    0.21108E+02    0.31402E-06
    0.21535E+02    0.45983E-06
    0.21970E+02    0.91349E-06
    0.22413E+02    0.19881E-05
    0.22866E+02    0.38282E-05
    0.23328E+02    0.54271E-05
    0.23799E+02    0.56111E-05
    0.24280E+02    0.44612E-05
    0.24771E+02    0.28764E-05
    0.25271E+02    0.15859E-05
    0.25782E+02    0.79208E-06
    0.26302E+02    0.38966E-06
    0.26834E+02    0.20725E-06
    0.27376E+02    0.13080E-06
    0.27929E+02    0.10752E-06
    0.28493E+02    0.12192E-06
    0.29069E+02    0.16418E-06
    0.29656E+02    0.20983E-06
    0.30255E+02    0.20340E-06
    0.30866E+02    0.11952E-06
    0.31490E+02    0.36204E-07
    0.32126E+02    0.68860E-08
    0.32775E+02    0.11398E-08
    0.33437E+02    0.22755E-09
    0.34112E+02    0.75953E-10
    0.34801E+02    0.55101E-10
    0.35504E+02    0.77922E-10
    0.36222E+02    0.16865E-09
    0.36953E+02    0.43847E-09
    0.37700E+02    0.10750E-08
    0.38462E+02    0.20080E-08
    0.39239E+02    0.27302E-08
    0.40031E+02    0.27409E-08
    0.40840E+02    0.20615E-08
    0.41665E+02    0.11785E-08
    0.42507E+02    0.52612E-09
    0.43365E+02    0.20261E-09
    0.44241E+02    0.76315E-10
    0.45135E+02    0.31880E-10
    0.46047E+02    0.16748E-10
    0.46977E+02    0.12251E-10
    0.47926E+02    0.12043E-10
    0.48894E+02    0.14612E-10
    0.49882E+02    0.20101E-10
    0.50890E+02    0.28797E-10
    0.51918E+02    0.39511E-10
    0.52966E+02    0.48093E-10
    0.54036E+02    0.48229E-10
    0.55128E+02    0.37004E-10
    0.56242E+02    0.20174E-10
    0.57378E+02    0.74953E-11
    0.58537E+02    0.21937E-11
    0.59720E+02    0.62514E-12
    0.60926E+02    0.21440E-12
    0.62157E+02    0.10938E-12
    0.63412E+02    0.97652E-13
    0.64693E+02    0.13465E-12
    0.66000E+02    0.22830E-12
    0.67334E+02    0.37899E-12
    0.68694E+02    0.49034E-12
    0.70082E+02    0.41145E-12
    0.71497E+02    0.24067E-12
    0.72942E+02    0.11562E-12
    0.74415E+02    0.53760E-13
    0.75918E+02    0.28505E-13
    0.77452E+02    0.19708E-13
    0.79017E+02    0.17068E-13
    0.80613E+02    0.16706E-13
    0.82241E+02    0.16676E-13
    0.83903E+02    0.15318E-13
    0.85598E+02    0.11903E-13
    0.87327E+02    0.80223E-14
    0.89091E+02    0.49981E-14
    0.90891E+02    0.30685E-14
    0.92727E+02    0.19789E-14
    0.94600E+02    0.14085E-14
    0.96511E+02    0.10695E-14
    0.98461E+02    0.81286E-15
    0.10045E+03    0.58003E-15
    0.10248E+03    0.36455E-15
    0.10455E+03    0.19310E-15
    0.10666E+03    0.92544E-16
    0.10882E+03    0.44890E-16
    0.11101E+03    0.24656E-16
    0.11326E+03    0.17155E-16
    0.11554E+03    0.16505E-16
    0.11788E+03    0.20783E-16
    0.12026E+03    0.30803E-16
    0.12269E+03    0.48325E-16
    0.12517E+03    0.72167E-16
    0.12770E+03    0.93324E-16
    0.13028E+03    0.10161E-15
    0.13291E+03    0.92768E-16
    0.13559E+03    0.70722E-16
    0.13833E+03    0.44837E-16
    0.14113E+03    0.23830E-16
    0.14398E+03    0.11485E-16
    0.14689E+03    0.55681E-17
    0.14985E+03    0.30127E-17
    0.15288E+03    0.20182E-17
    0.15597E+03    0.18156E-17
    0.15912E+03    0.20891E-17
    0.16233E+03    0.27945E-17
    0.16561E+03    0.39493E-17
    0.16896E+03    0.53595E-17
    0.17237E+03    0.64404E-17
    0.17585E+03    0.68741E-17
    0.17941E+03    0.67371E-17
    0.18303E+03    0.62680E-17
    0.18673E+03    0.57232E-17
    0.19050E+03    0.52710E-17
    0.19435E+03    0.48640E-17
    0.19828E+03    0.44128E-17
    0.20228E+03    0.38622E-17
    0.20637E+03    0.31999E-17
    0.21054E+03    0.24806E-17
    0.21479E+03    0.18555E-17
    0.21913E+03    0.14019E-17
    0.22356E+03    0.11202E-17
    0.22807E+03    0.99106E-18
    0.23268E+03    0.10014E-17
    0.23738E+03    0.10932E-17
    0.24217E+03    0.11827E-17
    0.24707E+03    0.11630E-17
    0.25206E+03    0.95336E-18
    0.25715E+03    0.61055E-18
    0.26234E+03    0.32423E-18
    0.26764E+03    0.15846E-18
    0.27305E+03    0.79118E-19
    0.27857E+03    0.44793E-19
    0.28419E+03    0.31239E-19
    0.28994E+03    0.25735E-19
    0.29579E+03    0.22966E-19
    0.30177E+03    0.20357E-19
    0.30786E+03    0.16434E-19
    0.31408E+03    0.11348E-19
    0.32043E+03    0.72305E-20
    0.32690E+03    0.48186E-20
    0.33351E+03    0.38081E-20
    0.34024E+03    0.40460E-20
    0.34712E+03    0.62732E-20
    0.35413E+03    0.11974E-19
    0.36128E+03    0.21688E-19
    0.36858E+03    0.28726E-19
    0.37603E+03    0.21441E-19
    0.38362E+03    0.74860E-20
    0.39137E+03    0.15587E-20
    0.39928E+03    0.28788E-21
    0.40734E+03    0.70156E-22
    0.41557E+03    0.33559E-22
    0.42397E+03    0.42876E-22
    0.43253E+03    0.11885E-21
    0.44127E+03    0.48243E-21
    0.45019E+03    0.19353E-20
    0.45928E+03    0.51778E-20
    0.46856E+03    0.66431E-20
    0.47802E+03    0.42426E-20
    0.48768E+03    0.15973E-20
    0.49753E+03    0.41989E-21
    0.50758E+03    0.91284E-22
